"modelyear","node","generationMWh","loadMWh","deltaSS","pos_deltaSS","neg_deltaSS","deltaCS","pos_deltaCS","neg_deltaCS"
"2014_2015","ABY0111",6709.751,13871.838,-77.3600000000003,374.371,-451.731,432.529000000063,1283.47900000008,-850.950000000013
"2014_2015","ABY1101",0,0,0,0,0,0,0,0
"2014_2015","ALB0331",0,635249.663,0,0,0,8948.58900000196,47164.3160000034,-38215.7270000014
"2014_2015","ALB1101",0,286663.4835,0,0,0,5482.12100000012,21237.7449999998,-15755.6239999997
"2014_2015","ALB2201",0,0,0,0,0,0,0,0
"2014_2015","APS0111",0.004,1141.145,0,0,0,26.4069999999952,106.116999999997,-79.7100000000022
"2014_2015","APS0661",0,0,0,0,0,0,0,0
"2014_2015","ARA2201",0,0,0,0,0,0,0,0
"2014_2015","ARA2201 ARA0",345677.16,0,-6905.10699999974,19486.1720000002,-26391.279,0,0,0
"2014_2015","ARG1101",0,106.8425,0,0,0,6.04099999999936,11.6329999999995,-5.59200000000018
"2014_2015","ARG1101 BRR0",43083.947,0,124.616000000006,4063.026,-3938.41,0,0,0
"2014_2015","ARI1101",0,0,0,0,0,0,0,0
"2014_2015","ARI1101 ARI0",432131.5975,0,-9181.65299999996,21422.7640000001,-30604.4170000001,0,0,0
"2014_2015","ARI1102",0,0,0,0,0,0,0,0
"2014_2015","ARI1102 ARI0",224159.4855,0,-2994.572,16700.2310000001,-19694.8030000001,0,0,0
"2014_2015","ASB0331",0,151027.983,0,0,0,1507.22599999954,13216.5059999997,-11709.2800000001
"2014_2015","ASB0661",0,515466.9735,0,0,0,-12127.4210000011,38787.0410000004,-50914.4620000015
"2014_2015","ASB0661 HBK0",81377.25,0,-2433.149,2753.025,-5186.174,0,0,0
"2014_2015","ASB2201",0,0,0,0,0,0,0,0
"2014_2015","ASY0111",0,67965.8105,0,0,0,1448.65700000034,7108.33800000026,-5659.68099999992
"2014_2015","ASY0661",0,0,0,0,0,0,0,0
"2014_2015","ATI2201",0,0,0,0,0,0,0,0
"2014_2015","ATI2201 ATI0",226035.632,0,-9059.57000000028,13170.276,-22229.8460000003,0,0,0
"2014_2015","ATU1101",0,2867.5555,0,0,0,2.99399999999639,290.520999999996,-287.526999999999
"2014_2015","AVI2201",0,0,0,0,0,0,0,0
"2014_2015","AVI2201 AVI0",786048.0625,0,-10862.4500000001,51723.435,-62585.8850000001,0,0,0
"2014_2015","BAL0331",0,138240.624,0,0,0,45264.1770000001,50971.2220000001,-5707.04500000002
"2014_2015","BAL1101",0,0,0,0,0,0,0,0
"2014_2015","BDE0111",0,55552.6505,0,0,0,16174.3060000002,18391.7470000001,-2217.44099999992
"2014_2015","BDE1101",0,0,0,0,0,0,0,0
"2014_2015","BEN2201",0,0,0,0,0,0,0,0
"2014_2015","BEN2202",0,0,0,0,0,0,0,0
"2014_2015","BEN2202 BEN0",3147101.949,0,-33114.2750000012,196290.807,-229405.082000001,0,0,0
"2014_2015","BEN3502",0,0,0,0,0,0,0,0
"2014_2015","BEN3503",0,0,0,0,0,0,0,0
"2014_2015","BHL2201",0,0,0,0,0,0,0,0
"2014_2015","BHL2202",0,0,0,0,0,0,0,0
"2014_2015","BLN0331",0,381889.151,0,0,0,7917.8390000002,43898.1639999988,-35980.3249999986
"2014_2015","BLN1101",0,0,0,0,0,0,0,0
"2014_2015","BOB0331",0,80499.886,0,0,0,2273.21999999989,6184.09000000014,-3910.87000000025
"2014_2015","BOB1101",0,287819.5845,0,0,0,9812.2540000002,27326.0210000011,-17513.7670000009
"2014_2015","BPC1101",0,0,0,0,0,0,0,0
"2014_2015","BPD1101",0,42052.097,0,0,0,3549.98999999989,5866.47899999988,-2316.48899999999
"2014_2015","BPE0331",19.9455,342450.6365,-0.013999999999998,0.00700000000000278,-0.0210000000000008,3543.11500000048,25400.0169999996,-21856.9019999992
"2014_2015","BPE0331 TWF0",0,0,0,0,0,0,0,0
"2014_2015","BPE0551",0.875,7685.06,-0.0430000000000007,0.00700000000000034,-0.050000000000001,36.5790000000296,564.343000000022,-527.763999999993
"2014_2015","BPE1101",0,0,0,0,0,0,0,0
"2014_2015","BPE2201",0,0,0,0,0,0,0,0
"2014_2015","BPT1101",0,32108.252,0,0,0,2040.65099999949,3606.25899999973,-1565.60800000025
"2014_2015","BRB0331",0,350455.451,0,0,0,6911.43400000004,24533.7410000004,-17622.3070000003
"2014_2015","BRB2201",0,0,0,0,0,0,0,0
"2014_2015","BRK0331",0,125127.39,0,0,0,1859.03199999962,8984.70700000018,-7125.67500000056
"2014_2015","BRK2201",0,0,0,0,0,0,0,0
"2014_2015","BRK2202",0,0,0,0,0,0,0,0
"2014_2015","BRY0661",0,625686.744,0,0,0,16353.7329999961,62113.174999995,-45759.4419999989
"2014_2015","BRY2201",0,0,0,0,0,0,0,0
"2014_2015","BWK1101",0,78.8075,0,0,0,20.7110000000002,22.3430000000007,-1.63200000000052
"2014_2015","BWK1101 WPI0",108159.1925,0,-31168.348,6572.63900000004,-37740.987,0,0,0
"2014_2015","CBG0111",0,209488.577,0,0,0,4469.92700000087,15875.7800000007,-11405.8529999998
"2014_2015","CBG1101",0,0,0,0,0,0,0,0
"2014_2015","CBG1102",0,0,0,0,0,0,0,0
"2014_2015","CLH0111",0,1747.065,0,0,0,43.9010000000066,160.309000000009,-116.408000000003
"2014_2015","CLH0661",0,0,0,0,0,0,0,0
"2014_2015","CML0331",0,142032.115,0,0,0,-4572.24099999914,11374.4790000004,-15946.7199999995
"2014_2015","CML1101",0,0,0,0,0,0,0,0
"2014_2015","CML1102",0,0,0,0,0,0,0,0
"2014_2015","CML2201",0,0,0,0,0,0,0,0
"2014_2015","CML2202",0,0,0,0,0,0,0,0
"2014_2015","COL0111",0,1273.8535,0,0,0,40.2060000000033,113.378000000005,-73.1720000000019
"2014_2015","COL0661",0,8.1625,0,0,0,0.970000000000127,1.1590000000002,-0.189000000000078
"2014_2015","COL0661 COL0",280764.008,0,-1828.60699999998,21252.0700000001,-23080.6770000001,0,0,0
"2014_2015","CPK0111",0,93365.416,0,0,0,1224.46699999992,6890.88100000005,-5666.41400000014
"2014_2015","CPK0331",0,711983.7425,0,0,0,9412.25100000028,50945.2070000013,-41532.9560000011
"2014_2015","CPK1101",0,0,0,0,0,0,0,0
"2014_2015","CPK1102",0,0,0,0,0,0,0,0
"2014_2015","CPK1103",0,0,0,0,0,0,0,0
"2014_2015","CST0331",0,278364.8995,0,0,0,3859.47299999901,19512.4249999997,-15652.9520000006
"2014_2015","CST1101",0,0,0,0,0,0,0,0
"2014_2015","CUL0331",0,84915.4875,0,0,0,-1148.31900000007,8609.67899999939,-9757.99799999946
"2014_2015","CUL0661",0,33347.0575,0,0,0,666.771000000118,3429.62100000006,-2762.84999999994
"2014_2015","CUL2202",0,0,0,0,0,0,0,0
"2014_2015","CUL2203",0,0,0,0,0,0,0,0
"2014_2015","CYD0331",38899.768,4833.733,-1273.807,1322.446,-2596.253,-721.971000000119,376.206999999916,-1098.17800000004
"2014_2015","CYD2201",0,157.153,0,0,0,1.48699999998977,16,-14.5130000000102
"2014_2015","CYD2201 CYD0",2301138.421,0,61846.641,236450.899,-174604.258,0,0,0
"2014_2015","DOB0331",3.969,24187.307,-0.0349999999999987,0.0539999999999996,-0.0889999999999983,606.344000000037,2881.517,-2275.17299999996
"2014_2015","DOB0661",0,0,0,0,0,0,0,0
"2014_2015","DOB1101",0,0,0,0,0,0,0,0
"2014_2015","DOB1102",0,0,0,0,0,0,0,0
"2014_2015","DRY2201",0,0,0,0,0,0,0,0
"2014_2015","DRY2202",0,0,0,0,0,0,0,0
"2014_2015","DVK0111",0,69636.5775,0,0,0,931.882999999998,4925.73700000004,-3993.85400000004
"2014_2015","DVK1101",0,0,0,0,0,0,0,0
"2014_2015","DVK1102",0,0,0,0,0,0,0,0
"2014_2015","EDG0331",0,323962.5475,0,0,0,8667.5500000005,25562.4940000011,-16894.9440000006
"2014_2015","EDG1101",0,0,0,0,0,0,0,0
"2014_2015","EDG1102",0,0,0,0,0,0,0,0
"2014_2015","EDG2201",0,0,0,0,0,0,0,0
"2014_2015","EDN0331",0,134710.6645,0,0,0,43153.3650000002,47864.0719999996,-4710.7069999994
"2014_2015","EDN1101",0,0,0,0,0,0,0,0
"2014_2015","FHL0331",0,263174.6165,0,0,0,4502.23400000014,18924.3,-14422.0659999998
"2014_2015","FHL1101",0,0,0,0,0,0,0,0
"2014_2015","FKN0331",0,232638.7505,0,0,0,-5534.70600000066,18877.2019999995,-24411.9080000001
"2014_2015","FKN1101",0,0,0,0,0,0,0,0
"2014_2015","FKN1102",0,0,0,0,0,0,0,0
"2014_2015","GFD0331",0,278216.6015,0,0,0,3750.39299999944,20049.2989999988,-16298.9059999994
"2014_2015","GFD1101",0,0,0,0,0,0,0,0
"2014_2015","GFD1102",0,0,0,0,0,0,0,0
"2014_2015","GLN0331",0,722417.3295,0,0,0,16388.2819999989,48522.9250000015,-32134.6430000027
"2014_2015","GLN0332",0,357447.979,0,0,0,7486.52200000052,24694.0360000004,-17207.5139999999
"2014_2015","GLN0332 GLN0",442095,0,-7436.24899999998,21717.51,-29153.759,0,0,0
"2014_2015","GLN2201",0,0,0,0,0,0,0,0
"2014_2015","GNY1101",0,0,0,0,0,0,0,0
"2014_2015","GOR0331",0,151550.855,0,0,0,47050.9570000002,53241.0270000001,-6190.06999999989
"2014_2015","GOR1101",0,0,0,0,0,0,0,0
"2014_2015","GOR1102",0,0,0,0,0,0,0,0
"2014_2015","GYM0661",0,57642.0825,0,0,0,1368.96700000006,6180.97100000018,-4812.00400000012
"2014_2015","GYT0331",226.7945,49499.7435,-4.89799999999999,4.32400000000001,-9.222,378.695000000155,3434.39300000017,-3055.69800000001
"2014_2015","GYT1101",0,0,0,0,0,0,0,0
"2014_2015","GYT1102",0,0,0,0,0,0,0,0
"2014_2015","HAM0111",0,136768.8735,0,0,0,2928.61999999978,10505.206,-7576.58600000024
"2014_2015","HAM0331",0,607097.288,0,0,0,11548.7229999985,44963.9740000001,-33415.2510000017
"2014_2015","HAM0551",13.996,7128.667,0.569000000000004,0.608000000000004,-0.0389999999999998,198.213,461.416000000003,-263.203000000003
"2014_2015","HAM1101",0,0,0,0,0,0,0,0
"2014_2015","HAM2201",0,0,0,0,0,0,0,0
"2014_2015","HAY0111",0,66719.8315,0,0,0,708.366999999684,4789.78400000018,-4081.4170000005
"2014_2015","HAY0331",0,60870.2475,0,0,0,724.033999999982,4354.52800000021,-3630.49400000022
"2014_2015","HAY1101",0,0,0,0,0,0,0,0
"2014_2015","HAY2201",0,0,0,0,0,0,0,0
"2014_2015","HAY3502",0,0,0,0,0,0,0,0
"2014_2015","HAY3503",0,0,0,0,0,0,0,0
"2014_2015","HEN0331",0,489195.0175,0,0,0,6961.59800000125,36731.8799999999,-29770.2819999986
"2014_2015","HEN1101",0,0,0,0,0,0,0,0
"2014_2015","HEN2201",0,0,0,0,0,0,0,0
"2014_2015","HEP0331",0,601505.2305,0,0,0,11446.2300000016,45108.7030000016,-33662.4729999999
"2014_2015","HEP1101",0,0,0,0,0,0,0,0
"2014_2015","HIN0331",0,218031.427,0,0,0,4852.64000000061,16187.1970000007,-11334.557
"2014_2015","HIN1101",0,0,0,0,0,0,0,0
"2014_2015","HKK0661",2467.2125,30675.753,-82.7560000000001,33.5429999999999,-116.299,1058.48700000013,4358.60099999996,-3300.11399999983
"2014_2015","HLY0331",0,129897.259,0,0,0,2519.78500000011,9201.46300000018,-6681.67800000007
"2014_2015","HLY2201",0,0,0,0,0,0,0,0
"2014_2015","HLY2201 HLY1",114642.843,0,2558.043,13367.848,-10809.805,0,0,0
"2014_2015","HLY2201 HLY2",491327.4765,0,16732.9749999999,47005.2830000003,-30272.3080000004,0,0,0
"2014_2015","HLY2201 HLY4",775383.4625,0,-25793.1620000002,29229.5630000006,-55022.7250000008,0,0,0
"2014_2015","HLY2201 HLY5",2572676.0735,0,-83759.0630000001,141422.918000001,-225181.981000001,0,0,0
"2014_2015","HLY2201 HLY6",34743.7225,0,1251.07199999999,4272.713,-3021.64100000001,0,0,0
"2014_2015","HOB1101",1828.0035,216225.766,-29.2840000000001,59.0109999999998,-88.2949999999999,4677.322000001,17880.9520000012,-13203.6300000002
"2014_2015","HOB2201",0,0,0,0,0,0,0,0
"2014_2015","HOR0331",0,97476.207,0,0,0,-1707.37100000028,8481.55999999974,-10188.931
"2014_2015","HOR0661",0,114411.9135,0,0,0,-2300.72899999985,10164.699,-12465.4279999998
"2014_2015","HPI2201",0,0,0,0,0,0,0,0
"2014_2015","HPI2202",0,0,0,0,0,0,0,0
"2014_2015","HTI0331",0,152101.8135,0,0,0,3428.14300000055,11938.1820000011,-8510.03900000051
"2014_2015","HTI1101",0,0,0,0,0,0,0,0
"2014_2015","HUI0331",0,115557.3195,0,0,0,1898.27600000005,7867.72399999994,-5969.44799999989
"2014_2015","HUI1101",0,0,0,0,0,0,0,0
"2014_2015","HWA0331",0,168905.0155,0,0,0,2603.89999999974,11493.1679999997,-8889.26799999994
"2014_2015","HWA0332",0,63276.2195,0,0,0,922.407000000089,4222.527,-3300.11999999992
"2014_2015","HWA1001",0,0,0,0,0,0,0,0
"2014_2015","HWA1101",0,24.482,0,0,0,-0.0950000000010274,1.27199999999903,-1.36700000000006
"2014_2015","HWA1101 PTA1",39532.3715,0,-1345.61300000001,1861.10300000002,-3206.71600000003,0,0,0
"2014_2015","HWA1101 PTA2",27164.819,0,-1256.178,1396.73700000002,-2652.91500000002,0,0,0
"2014_2015","HWA1101 PTA3",20089.5995,0,-774.851000000001,1252.10800000002,-2026.95900000002,0,0,0
"2014_2015","HWA1102",0,241.875,0,0,0,33.0400000000107,33.9610000000022,-0.920999999991523
"2014_2015","HWA1102 WAA0",55821.5,0,-1012.678,2611.667,-3624.345,0,0,0
"2014_2015","HWA1102 WAA1",55821,0,-995.867000000001,2628.429,-3624.296,0,0,0
"2014_2015","HWB0331",1675.383,264564.1205,-178.356,47.1049999999999,-225.461,75225.7099999982,86308.7989999995,-11083.0890000012
"2014_2015","HWB0331 MAH0",0,0,0,0,0,0,0,0
"2014_2015","HWB0331 WPI0",71522.6715,0,-19781.056,3359.89100000001,-23140.947,0,0,0
"2014_2015","HWB0332",0,212761.903,0,0,0,62260.5059999986,70852.1439999999,-8591.63800000131
"2014_2015","HWB1101",0,30586.872,0,0,0,8719.24500000017,9905.84300000002,-1186.59799999985
"2014_2015","HWB2201",0,0,0,0,0,0,0,0
"2014_2015","IGH1101",0,0,0,0,0,0,0,0
"2014_2015","INV0331",0,455491.9825,0,0,0,134098.018999997,152344.14,-18246.1210000029
"2014_2015","INV1101",0,0,0,0,0,0,0,0
"2014_2015","INV2201",0,0,0,0,0,0,0,0
"2014_2015","INV2202",0,0,0,0,0,0,0,0
"2014_2015","ISL0331",0,373354.135,0,0,0,8674.05800000158,38879.4340000007,-30205.3759999991
"2014_2015","ISL0661",0,1430458.2935,0,0,0,41981.6260000014,156368.277000001,-114386.651
"2014_2015","ISL2201",0,0,0,0,0,0,0,0
"2014_2015","KAI0111",0,131972.7035,0,0,0,3692.48199999947,14207.5329999998,-10515.0510000004
"2014_2015","KAI0661",0,0,0,0,0,0,0,0
"2014_2015","KAW0111",71095.8875,0,-2407.287,2920.083,-5327.37,0,0,0
"2014_2015","KAW0112",0,321808.546,0,0,0,10521.4819999996,24790.2649999998,-14268.7830000002
"2014_2015","KAW0112 DLS0",0,1889,0,0,0,-57.6349999993108,9.08900000108406,-66.7240000003949
"2014_2015","KAW0112 ONU0",428051.3015,0,-16352.633,19612.341,-35964.974,0,0,0
"2014_2015","KAW0113",0,151376.5885,0,0,0,7692.51999999972,8799.82900000037,-1107.30900000066
"2014_2015","KAW0113 DLS1",0,210958.6965,0,0,0,1465.47200000003,13573.9420000001,-12108.47
"2014_2015","KAW1101",0,45.0045,0,0,0,-9.24299999999585,0.46400000000358,-9.70699999999943
"2014_2015","KAW1101 KAG0",898097.9805,0,-42909.894,40667.013,-83576.907,0,0,0
"2014_2015","KAW2201",0,0,0,0,0,0,0,0
"2014_2015","KBT0661",0,0,0,0,0,0,0,0
"2014_2015","KBT0662",0,0,0,0,0,0,0,0
"2014_2015","KBY0661",0,33178.378,0,0,0,541.778999999868,3241.85799999997,-2700.0790000001
"2014_2015","KBY0662",0,34502.9385,0,0,0,581.338999999818,3377.43799999994,-2796.09900000012
"2014_2015","KIK0111",0,12607.826,0,0,0,57.8410000000817,1312.40300000006,-1254.56199999997
"2014_2015","KIK1101",0,0,0,0,0,0,0,0
"2014_2015","KIK2201",0,0,0,0,0,0,0,0
"2014_2015","KIN0111",0,340300.8405,0,0,0,6454.91400000031,23566.1549999994,-17111.2409999991
"2014_2015","KIN0112",0,115616.47,0,0,0,2438.58699999987,7890.75600000058,-5452.16900000071
"2014_2015","KIN0112 KIN0",265957.725,0,-5103.133,13468.632,-18571.765,0,0,0
"2014_2015","KIN0113",0,130144.598,0,0,0,2933.51100000079,9133.69000000073,-6200.17899999993
"2014_2015","KIN0331",0,85136.3845,0,0,0,1680.2410000003,6162.46800000022,-4482.22699999992
"2014_2015","KIN1101",0,0,0,0,0,0,0,0
"2014_2015","KIN1102",0,0,0,0,0,0,0,0
"2014_2015","KMO0331",0,68017.966,0,0,0,1632.53699999988,5684.33900000003,-4051.80200000015
"2014_2015","KMO1101",0,0,0,0,0,0,0,0
"2014_2015","KMO1102",0,0,0,0,0,0,0,0
"2014_2015","KMO1103",0,0,0,0,0,0,0,0
"2014_2015","KMO2201",0,0,0,0,0,0,0,0
"2014_2015","KOE1101",69661.3695,12747.582,-1384.784,2253.36,-3638.144,-348.029000000044,957.638000000035,-1305.66700000008
"2014_2015","KPA1101",0,4.398,0,0,0,-1.98951966012828e-13,0.0029999999999859,-0.00300000000018485
"2014_2015","KPA1101 KPI1",134673.5965,0,-2866.143,5988.669,-8854.812,0,0,0
"2014_2015","KPO1101",0,0,0,0,0,0,0,0
"2014_2015","KPO1101 KPO0",418214.612,0,-10606.7719999999,19200.6660000001,-29807.438,0,0,0
"2014_2015","KPU0661",0,209574.4405,0,0,0,4249.84600000022,16189.6320000008,-11939.7860000006
"2014_2015","KPU1101",0,0,0,0,0,0,0,0
"2014_2015","KPU1102",0,0,0,0,0,0,0,0
"2014_2015","KUM0661",11465.9325,1511.5615,-9.32299999999964,1231.645,-1240.968,56.511999999997,113.537999999996,-57.0259999999991
"2014_2015","KUM0661 KUM0",26950.7695,0,73.9420000000133,3053.22000000001,-2979.278,0,0,0
"2014_2015","KWA0111",0,155924.074,0,0,0,2281.86400000074,11172.7620000011,-8890.89800000037
"2014_2015","KWA1101",0,0,0,0,0,0,0,0
"2014_2015","KWA1102",0,0,0,0,0,0,0,0
"2014_2015","LFD1101",8.208,22035.63,-0.0310000000000006,0.0639999999999983,-0.0949999999999989,307.372000000003,1464.02600000001,-1156.65400000001
"2014_2015","LFD1102",5e-04,21657.8405,0,0,0,343.695000000093,1369.9950000001,-1026.30000000001
"2014_2015","LIV2201",0,0,0,0,0,0,0,0
"2014_2015","LTN0331",6729.2515,138241.8945,-160.329999999999,90.1740000000007,-250.504,1068.72399999884,10637.9499999999,-9569.2260000011
"2014_2015","LTN0331 TWF0",0,0,0,0,0,0,0,0
"2014_2015","LTN2201",0,0,0,0,0,0,0,0
"2014_2015","LTN2202",0,0,0,0,0,0,0,0
"2014_2015","MAN2201",0,7940.9665,0,0,0,2151.62800000001,2406.42000000001,-254.792
"2014_2015","MAN2201 MAN0",4765460.9195,0,-751594.277,178525.246,-930119.523,0,0,0
"2014_2015","MAT1101",1.285,1702.9095,0.00200000000000067,0.00300000000000011,-0.000999999999999446,61.367000000003,158.049000000006,-96.6820000000026
"2014_2015","MAT1101 ANI0",94271.3245,0,-5243.018,4484.512,-9727.53,0,0,0
"2014_2015","MAT1101 MAT0",184929.5295,0,-151470.521,16880.95,-168351.471,0,0,0
"2014_2015","MCH0111",0,11733.955,0,0,0,84.8479999999477,1251.353,-1166.50500000005
"2014_2015","MCH1101",0,0,0,0,0,0,0,0
"2014_2015","MDN1101",0,0,0,0,0,0,0,0
"2014_2015","MDN2201",0,0,0,0,0,0,0,0
"2014_2015","MER0331",0,0.3015,0,0,0,0.00699999999999878,0.0240000000000027,-0.0170000000000039
"2014_2015","MGM0331",0,63950.3575,0,0,0,961.089000000053,4516.56300000004,-3555.47399999999
"2014_2015","MGM1101",0,0,0,0,0,0,0,0
"2014_2015","MHO0331",0,173336.1675,0,0,0,2255.27799999964,12208.2540000002,-9952.97600000057
"2014_2015","MHO0331 MHO0",129202.137,0,-3282.564,6343.667,-9626.231,0,0,0
"2014_2015","MHO1101",0,0,0,0,0,0,0,0
"2014_2015","MHO1102",0,0,0,0,0,0,0,0
"2014_2015","MHT1102",0,0,0,0,0,0,0,0
"2014_2015","MHT1103",0,0,0,0,0,0,0,0
"2014_2015","MKE1101",0,1117.713,0,0,0,45.5100000000061,60.259000000006,-14.7489999999999
"2014_2015","MKE1101 MKE1",212484.409,0,9404.29799999999,27549.768,-18145.47,0,0,0
"2014_2015","MKT1101",0,0,0,0,0,0,0,0
"2014_2015","MLG0111",0,116614.9645,0,0,0,1492.25999999936,8351.15899999973,-6858.89900000038
"2014_2015","MLG0331",0,139659.632,0,0,0,1540.60800000021,9991.51000000058,-8450.90200000037
"2014_2015","MLG1101",0,0,0,0,0,0,0,0
"2014_2015","MLG1102",0,0,0,0,0,0,0,0
"2014_2015","MNG0331",0,549920.385,0,0,0,10515.1970000011,40253.1980000017,-29738.0010000006
"2014_2015","MNG1101",0,205652.936,0,0,0,4182.75100000048,14931.4990000001,-10748.7479999997
"2014_2015","MNI0111",0,52424.3165,0,0,0,871.858000000047,3438.06100000018,-2566.20300000014
"2014_2015","MNI1101",0,0,0,0,0,0,0,0
"2014_2015","MPE1101",0,350878.7895,0,0,0,6607.68299999957,29884.7200000007,-23277.0370000011
"2014_2015","MST0331",0,217855.922,0,0,0,3040.62000000056,15639.0680000007,-12598.4480000001
"2014_2015","MST1101",0,0,0,0,0,0,0,0
"2014_2015","MTI2201",0,0,0,0,0,0,0,0
"2014_2015","MTI2201 MTI0",703322.6415,0,-9395.3549999999,45772.6910000005,-55168.0460000004,0,0,0
"2014_2015","MTM0331",0,290751.848,0,0,0,8125.04900000001,24477.4530000002,-16352.4040000002
"2014_2015","MTM1101",0,0,0,0,0,0,0,0
"2014_2015","MTN0331",0,87577.6565,0,0,0,1097.82899999988,6073.30600000007,-4975.47700000019
"2014_2015","MTN1101",0,0,0,0,0,0,0,0
"2014_2015","MTN1102",0,0,0,0,0,0,0,0
"2014_2015","MTO0331",0,92519.122,0,0,0,1688.95300000007,6789.24300000052,-5100.29000000044
"2014_2015","MTO1101",0,0,0,0,0,0,0,0
"2014_2015","MTO1102",0,0,0,0,0,0,0,0
"2014_2015","MTR0331",0,34025.276,0,0,0,645.486999999889,2520.743,-1875.25600000012
"2014_2015","MTR1101",0,0,0,0,0,0,0,0
"2014_2015","MVE1101",0,0,0,0,0,0,0,0
"2014_2015","MVE1102",0,0,0,0,0,0,0,0
"2014_2015","NAP2201",0,72.1765,0,0,0,11.9730000000001,12.0850000000012,-0.112000000001103
"2014_2015","NAP2201 NAP0",1107157.0815,0,-18476.107,53577.256,-72053.363,0,0,0
"2014_2015","NAP2202",0,4.14,0,0,0,-0.00399999999990541,2.27373675443232e-13,-0.00400000000013279
"2014_2015","NAP2202 NTM0",688341,0,-13245.96,33896.441,-47142.401,0,0,0
"2014_2015","NGA1101",0,0,0,0,0,0,0,0
"2014_2015","NMA0331",48162.5745,122628.74,-4879.269,1269.163,-6148.432,60926.4510000013,64521.0790000009,-3594.62799999968
"2014_2015","NMA0331 WHL0",0,0,0,0,0,0,0,0
"2014_2015","NMA2201",0,0,0,0,0,0,0,0
"2014_2015","NPK0331",0.0395,15585.844,0,0,0,362.850999999971,1080.87900000002,-718.028000000044
"2014_2015","NPK1101",0,0,0,0,0,0,0,0
"2014_2015","NPL0331",0,85337.158,0,0,0,957.130999999816,5893.97399999999,-4936.84300000018
"2014_2015","NPL1101",0,0,0,0,0,0,0,0
"2014_2015","NPL2201",0,0,0,0,0,0,0,0
"2014_2015","NSY0331",0,229978.391,0,0,0,44831.2950000014,56101.0840000001,-11269.7889999988
"2014_2015","NSY0331 PAE0",66755.076,0,-7390.25,2911.876,-10302.126,0,0,0
"2014_2015","NSY2201",0,0,0,0,0,0,0,0
"2014_2015","OAM0331",0,231730.8465,0,0,0,23767.3760000005,35998.2450000013,-12230.8690000009
"2014_2015","OAM1101",0,0,0,0,0,0,0,0
"2014_2015","OAM1102",0,0,0,0,0,0,0,0
"2014_2015","OHA2201",0,0,0,0,0,0,0,0
"2014_2015","OHA2201 OHA0",990523.5645,0,-3473.45300000004,71104.501,-74577.9540000001,0,0,0
"2014_2015","OHB2201",0,0,0,0,0,0,0,0
"2014_2015","OHB2201 OHB0",830509.077,0,-4985.015,57086.0930000001,-62071.1080000001,0,0,0
"2014_2015","OHC2201",0,0,0,0,0,0,0,0
"2014_2015","OHC2201 OHC0",811820.627,0,-4834.39499999996,56205.3490000001,-61039.744,0,0,0
"2014_2015","OHK2201",0,0,0,0,0,0,0,0
"2014_2015","OHK2201 OHK0",266116.09,0,-9021.5579999997,18863.9530000003,-27885.511,0,0,0
"2014_2015","OHW2201",0,0,0,0,0,0,0,0
"2014_2015","OHW2202",0,0,0,0,0,0,0,0
"2014_2015","OKE1101",0,0,0,0,0,0,0,0
"2014_2015","OKI2201",0,0,0,0,0,0,0,0
"2014_2015","OKI2201 OKI0",329641.876,0,-7770.406,14522.592,-22292.998,0,0,0
"2014_2015","OKN0111",0,27288.78,0,0,0,535.753999999959,1976.927,-1441.17300000004
"2014_2015","OKN1101",0,0,0,0,0,0,0,0
"2014_2015","ONG0331",2351.083,16473.9955,-97.647,75.666,-173.313,52.0910000001144,1041.55000000001,-989.458999999898
"2014_2015","ONG1101",0,0,0,0,0,0,0,0
"2014_2015","OPI2201",0,0,0,0,0,0,0,0
"2014_2015","OPI2202",0,0,0,0,0,0,0,0
"2014_2015","OPK0331",0,50531.019,0,0,0,818.019999999899,3343.23900000012,-2525.21900000022
"2014_2015","OPK1101",0,0,0,0,0,0,0,0
"2014_2015","OPK1102",0,0,0,0,0,0,0,0
"2014_2015","ORO1101",0.0615,21488.3955,0,0,0,402.586000000036,2366.39799999994,-1963.81199999991
"2014_2015","ORO1102",0.1335,19786.5905,0.00099999999999989,0.00099999999999989,0,176.674000000032,2009.65200000002,-1832.97799999999
"2014_2015","OTA0221",0,323267.9805,0,0,0,5630.39499999963,24066.8290000008,-18436.4340000011
"2014_2015","OTA1103",0,0,0,0,0,0,0,0
"2014_2015","OTA1104",0,0,0,0,0,0,0,0
"2014_2015","OTA1105",0,0,0,0,0,0,0,0
"2014_2015","OTA1106",0,0,0,0,0,0,0,0
"2014_2015","OTA1107",0,0,0,0,0,0,0,0
"2014_2015","OTA1108",0,0,0,0,0,0,0,0
"2014_2015","OTA1109",0,0,0,0,0,0,0,0
"2014_2015","OTA110A",0,0,0,0,0,0,0,0
"2014_2015","OTA2201",0,0,0,0,0,0,0,0
"2014_2015","OTA2202",0,0,0,0,0,0,0,0
"2014_2015","OTA2202 OTC0",1314386.8985,0,-11169.4869999999,101842.057,-113011.544,0,0,0
"2014_2015","OTA2203",0,0,0,0,0,0,0,0
"2014_2015","OTI0111",0,1520.425,0,0,0,-8.63100000000463,138.591999999999,-147.223000000003
"2014_2015","OTI0661",0,0,0,0,0,0,0,0
"2014_2015","OWH0111",0,56484.1655,0,0,0,1810.00899999979,5003.19499999994,-3193.18600000016
"2014_2015","OWH1101",0,0,0,0,0,0,0,0
"2014_2015","PAK0331",0,592756.387,0,0,0,10894.0169999979,43999.460999999,-33105.4440000011
"2014_2015","PAK2201",0,0,0,0,0,0,0,0
"2014_2015","PAO1101",0,139659.5065,0,0,0,3248.5910000008,10490.3740000007,-7241.78299999994
"2014_2015","PEN0221",0,211468.5225,0,0,0,4265.71399999979,15717.1560000004,-11451.4420000006
"2014_2015","PEN0222",0,0,0,0,0,0,0,0
"2014_2015","PEN0251",0.0265,2108.172,-0.001,0,-0.001,-26.4359999999971,213.443000000006,-239.879000000003
"2014_2015","PEN0331",0,1297116.997,0,0,0,23860.1649999972,97141.2599999983,-73281.0950000011
"2014_2015","PEN1101",0,805392.0655,0,0,0,13354.5229999983,56689.4429999985,-43334.9200000002
"2014_2015","PEN2201",0,0,0,0,0,0,0,0
"2014_2015","PIE1101",0,0,0,0,0,0,0,0
"2014_2015","PNI0331",0,68609.66,0,0,0,579.932999999961,4859.54099999983,-4279.60799999987
"2014_2015","PNI1101",0,0,0,0,0,0,0,0
"2014_2015","PNI1102",0,0,0,0,0,0,0,0
"2014_2015","PPI2201",0,448.221,0,0,0,12.9540000000035,40.0730000000017,-27.1189999999981
"2014_2015","PPI2201 PPI0",299766.6675,0,-5390.528,11763.744,-17154.272,0,0,0
"2014_2015","PRM0331",0,261258.973,0,0,0,3160.80400000003,18421.8380000007,-15261.0340000007
"2014_2015","PRM2201",0,0,0,0,0,0,0,0
"2014_2015","PRM2202",0,0,0,0,0,0,0,0
"2014_2015","PRT2201",0,0,0,0,0,0,0,0
"2014_2015","PRT2202",0,0,0,0,0,0,0,0
"2014_2015","RDF0331",0,274862.5285,0,0,0,4222.75300000057,19822.6140000006,-15599.861
"2014_2015","RDF1101",0,0,0,0,0,0,0,0
"2014_2015","RDF1102",0,0,0,0,0,0,0,0
"2014_2015","RDF2201",0,0,0,0,0,0,0,0
"2014_2015","RFC1101",0,0,0,0,0,0,0,0
"2014_2015","RFN1101",0,29253.314,0,0,0,-10.5549999998928,2867.87300000008,-2878.42799999997
"2014_2015","RFN1102",0.0015,29238.685,0.001,0.001,0,948.030000000185,3393.69000000023,-2445.66000000005
"2014_2015","ROS0221",0,477836.556,0,0,0,8481.06399999904,35562.3560000003,-27081.2920000013
"2014_2015","ROS1101",0,273375.1505,0,0,0,5837.67099999953,21219.2250000004,-15381.5540000009
"2014_2015","ROT0111",0,114391.43,0,0,0,3266.72699999991,9788.35300000036,-6521.62600000045
"2014_2015","ROT0331",0,229914.8455,0,0,0,7201.40899999952,19191.2780000002,-11989.8690000007
"2014_2015","ROT1101",0,0.1235,0,0,0,0.0069999999999979,0.00900000000000034,-0.00200000000000244
"2014_2015","ROT1101 WHE0",59547.25,0,-2270.904,3156.163,-5427.067,0,0,0
"2014_2015","ROT1102",0,0,0,0,0,0,0,0
"2014_2015","ROX1101",0,0,0,0,0,0,0,0
"2014_2015","ROX1101 ROX0",491528.5455,0,-118084.716,21476.424,-139561.14,0,0,0
"2014_2015","ROX2201",0,0,0,0,0,0,0,0
"2014_2015","ROX2201 ROX0",1329439.904,0,-245795.537,49670.7269999999,-295466.264,0,0,0
"2014_2015","RPO2201",0,0,0,0,0,0,0,0
"2014_2015","RPO2201 RPO0",551173.3215,0,-11451.456,26010.513,-37461.969,0,0,0
"2014_2015","RTO1101",0,0,0,0,0,0,0,0
"2014_2015","RTR1101",0,0,0,0,0,0,0,0
"2014_2015","SBK0331",0,256781.1295,0,0,0,3116.38500000157,27315.0340000024,-24198.6490000008
"2014_2015","SBK0661",0,0,0,0,0,0,0,0
"2014_2015","SDN0331",0,306737.3905,0,0,0,85939.1829999982,98164.1209999981,-12224.9379999998
"2014_2015","SDN2201",0,0,0,0,0,0,0,0
"2014_2015","SFD0331",0,130295.015,0,0,0,2024.78199999954,8787.44299999985,-6762.66100000031
"2014_2015","SFD1101",0,0,0,0,0,0,0,0
"2014_2015","SFD2201",0,4563.586,0,0,0,113.038000000007,226.332000000012,-113.294000000006
"2014_2015","SFD2201 SFD21",276234.0455,0,-678.736000000002,20336.2030000001,-21014.9390000001,0,0,0
"2014_2015","SFD2201 SFD22",183356.471,0,-5632.37300000009,14278.402,-19910.7750000001,0,0,0
"2014_2015","SFD2201 SPL0",328108.8945,0,-30494.1309999994,2504.06700000057,-32998.198,0,0,0
"2014_2015","STK0331",0,612749.3415,0,0,0,18240.3570000046,66587.6240000016,-48347.2669999969
"2014_2015","STK0661",0,57559.6615,0,0,0,4609.80299999965,10127.6199999995,-5517.81699999989
"2014_2015","STK0661 COB0",54279.417,0,-3580.461,7039.71700000002,-10620.178,0,0,0
"2014_2015","STK1101",0,0,0,0,0,0,0,0
"2014_2015","STK2201",0,0,0,0,0,0,0,0
"2014_2015","STU0111",0,68728.1495,0,0,0,3873.45300000019,8277.26599999993,-4403.81299999974
"2014_2015","STU1101",0,0,0,0,0,0,0,0
"2014_2015","SVL0331",0,317848.2735,0,0,0,4710.72100000066,23443.1709999999,-18732.4499999992
"2014_2015","SVL2201",0,0,0,0,0,0,0,0
"2014_2015","SVL2202",0,0,0,0,0,0,0,0
"2014_2015","SWN0251",0,7042.5185,0,0,0,17.1960000000113,623.021000000018,-605.825000000007
"2014_2015","SWN2201",0,4135.64,0,0,0,145.682000000034,255.316000000002,-109.633999999968
"2014_2015","SWN2201 SWN0",427707.651,0,-7375.97899999998,25136.4,-32512.379,0,0,0
"2014_2015","SWN2201 SWN5",36070.809,0,5011.245,8172.175,-3160.93,0,0,0
"2014_2015","TAK0331",0,468689.175,0,0,0,8074.19399999914,34503.6139999996,-26429.4200000004
"2014_2015","TAK2201",0,0,0,0,0,0,0,0
"2014_2015","TAK2202",0,0,0,0,0,0,0,0
"2014_2015","TGA0111",0,121371.146,0,0,0,3576.2489999995,10381.6769999997,-6805.42800000015
"2014_2015","TGA0331",0,368764.865,0,0,0,11097.9089999991,31372.7180000001,-20274.809000001
"2014_2015","TGA0331 KMI0",146350.35,0,-6177.299,8260.435,-14437.734,0,0,0
"2014_2015","TGA1101",0,0,0,0,0,0,0,0
"2014_2015","THI2201",0,539.215,0,0,0,6.18100000000527,35.844000000003,-29.6629999999977
"2014_2015","THI2201 THI1",566608.605,0,-13414.364,30165.122,-43579.486,0,0,0
"2014_2015","THI2201 THI2",592862.06,0,-6339.797,32300.438,-38640.235,0,0,0
"2014_2015","TIM0111",0,359412.471,0,0,0,8627.41700000086,32904.4459999993,-24277.0289999985
"2014_2015","TIM1101",0,0,0,0,0,0,0,0
"2014_2015","TIM2201",0,0,0,0,0,0,0,0
"2014_2015","TIM2202",0,0,0,0,0,0,0,0
"2014_2015","TKA0111",0,0,0,0,0,0,0,0
"2014_2015","TKA0111 TKA1",133997.013,0,-1814.87200000002,9877.80299999999,-11692.675,0,0,0
"2014_2015","TKA0331",0,17989.7315,0,0,0,478.382999999926,1507.122,-1028.73900000007
"2014_2015","TKA1101",0,0,0,0,0,0,0,0
"2014_2015","TKB2201",0,0,0,0,0,0,0,0
"2014_2015","TKB2201 TKB1",919329.599,0,-8606.53200000003,57379.099,-65985.631,0,0,0
"2014_2015","TKH0111",0,5797.5685,0,0,0,196.793999999963,521.854000000011,-325.060000000048
"2014_2015","TKH0501",0,0,0,0,0,0,0,0
"2014_2015","TKR0331",0,391149.9525,0,0,0,4701.60999999956,28038.7020000016,-23337.092000002
"2014_2015","TKR1101",0,0,0,0,0,0,0,0
"2014_2015","TKU0331",13.7545,36375.492,0.180000000000001,0.280000000000003,-0.100000000000001,739.458999999955,2549.18900000005,-1809.73000000009
"2014_2015","TKU2201",0,0,0,0,0,0,0,0
"2014_2015","TKU2201 TKU0",658367.161,0,-14872.1809999999,37132.7100000003,-52004.8910000002,0,0,0
"2014_2015","TMH2201",0,0,0,0,0,0,0,0
"2014_2015","TMI0331",0,143444.3965,0,0,0,4722.5090000003,12558.1400000001,-7835.63099999981
"2014_2015","TMI1101",0,0,0,0,0,0,0,0
"2014_2015","TMK0331",0,290024.959,0,0,0,4840.05400000024,25560.374,-20720.3199999997
"2014_2015","TMK1101",0,0,0,0,0,0,0,0
"2014_2015","TMK1102",0,0,0,0,0,0,0,0
"2014_2015","TMN0551",248.3405,8777.1605,-1.79700000000004,8.65099999999997,-10.448,154.562999999965,565.902999999937,-411.339999999971
"2014_2015","TMN2201",0,0,0,0,0,0,0,0
"2014_2015","TMU0111",0,175993.576,0,0,0,4098.00799999969,13685.6589999997,-9587.65100000002
"2014_2015","TMU1101",0,0,0,0,0,0,0,0
"2014_2015","TNG0111",0,237291.9235,0,0,0,3944.86699999969,15355.4750000006,-11410.6080000009
"2014_2015","TNG0551",102.8455,9150.3155,-3.803,1.89800000000001,-5.70100000000001,164.344999999966,587.210000000024,-422.865000000057
"2014_2015","TNG2201",0,0,0,0,0,0,0,0
"2014_2015","TRK0111",0,35240.169,0,0,0,951.61600000003,2855.62700000012,-1904.01100000009
"2014_2015","TRK1101",0,0,0,0,0,0,0,0
"2014_2015","TRK1102",0,0,0,0,0,0,0,0
"2014_2015","TRK2201",0,0,0,0,0,0,0,0
"2014_2015","TUI1101",0,77247.883,0,0,0,2076.72600000014,8873.22399999957,-6796.49799999942
"2014_2015","TUI1101 KTW0",64661.033,0,-1363.86500000002,9068.49900000004,-10432.3640000001,0,0,0
"2014_2015","TUI1101 PRI0",115528.6375,0,-3335.73699999998,11375.5480000001,-14711.285,0,0,0
"2014_2015","TUI1101 TUI0",160284.4345,0,-3498.50199999998,15348.1330000001,-18846.6350000001,0,0,0
"2014_2015","TWC2201",440402.679,303.406,-6622.25899999999,18108.63,-24730.889,8.31699999999518,25.9440000000002,-17.627000000005
"2014_2015","TWC2201 NZW0",0,0,0,0,0,0,0,0
"2014_2015","TWC2201 TWF0",0,0,0,0,0,0,0,0
"2014_2015","TWH0331",11138.226,277572.754,-92.4190000000009,241.976999999999,-334.396,3780.61900000086,22148.4370000012,-18367.8180000004
"2014_2015","TWH0331 TRC1",290504.525,0,-5598.943,13544.864,-19143.807,0,0,0
"2014_2015","TWH0331 TUK0",0,0,0,0,0,0,0,0
"2014_2015","TWH2201",0,0,0,0,0,0,0,0
"2014_2015","TWI2201",0,4995951.092,0,0,0,1456236.80000003,1622386.18000002,-166149.379999998
"2014_2015","TWT2201",0,0,0,0,0,0,0,0
"2014_2015","TWZ0331",0,31195.715,0,0,0,275.455999999891,2106.2019999999,-1830.74600000001
"2014_2015","TWZ2201",0,0,0,0,0,0,0,0
"2014_2015","TWZ2202",0,0,0,0,0,0,0,0
"2014_2015","UHT0331",0,128872.5355,0,0,0,1469.56399999987,9082.80700000022,-7613.24300000034
"2014_2015","UHT1101",0,0,0,0,0,0,0,0
"2014_2015","WAI0111",0,47148.4905,0,0,0,1953.99700000001,4471.07400000017,-2517.07700000016
"2014_2015","WAI0501",0,0,0,0,0,0,0,0
"2014_2015","WAI1101",0,0,0,0,0,0,0,0
"2014_2015","WDV0111",0,13441.412,0,0,0,181.895999999887,934.927999999994,-753.032000000107
"2014_2015","WDV1101",293776.946,567.4385,-6266.456,10306.021,-16572.477,10.2980000000024,39.463000000001,-29.1649999999985
"2014_2015","WDV1101 TAP0",0,0,0,0,0,0,0,0
"2014_2015","WDV1102",0,0,0,0,0,0,0,0
"2014_2015","WEL0331",0,150981.507,0,0,0,2529.61599999955,11446.3370000003,-8916.72100000075
"2014_2015","WEL1101",0,0,0,0,0,0,0,0
"2014_2015","WEL1102",0,0,0,0,0,0,0,0
"2014_2015","WGN0331",0,137336.0875,0,0,0,1453.95500000002,9569.49000000025,-8115.53500000023
"2014_2015","WGN1101",0,0,0,0,0,0,0,0
"2014_2015","WHI0111",0,511377.921,0,0,0,13495.739999998,34079.6499999996,-20583.9100000015
"2014_2015","WHI2201",0,1480.75,0,0,0,36.8859999999956,98.6070000000004,-61.7210000000048
"2014_2015","WHI2201 WHI0",365.1265,0,-7.67386154620908e-12,1.4210854715202e-12,-9.09494701772928e-12,0,0,0
"2014_2015","WHU0331",0,199872.7405,0,0,0,4580.0969999997,14648.8540000003,-10068.7570000006
"2014_2015","WHU1101",0,0,0,0,0,0,0,0
"2014_2015","WIL0331",69873.405,95700.5305,180.648000000002,3645.176,-3464.528,3546.5300000003,7487.95000000007,-3941.41999999978
"2014_2015","WIL0331 MCK0",0,0,0,0,0,0,0,0
"2014_2015","WIL1101",0,0,0,0,0,0,0,0
"2014_2015","WIL2201",0,0,0,0,0,0,0,0
"2014_2015","WIR0331",0,446143.6235,0,0,0,15580.0179999999,40068.2439999998,-24488.2259999999
"2014_2015","WIR1101",0,0,0,0,0,0,0,0
"2014_2015","WIR1102",0,0,0,0,0,0,0,0
"2014_2015","WKM2201",0,44150.7605,0,0,0,806.840000000032,2858.07599999994,-2051.23599999991
"2014_2015","WKM2201 MOK0",882680.1545,0,-18917.485,39899.946,-58817.431,0,0,0
"2014_2015","WKM2201 WKM0",395784.5045,0,-7808.76400000003,23557.1790000002,-31365.9430000002,0,0,0
"2014_2015","WKM2202",0,0,0,0,0,0,0,0
"2014_2015","WKO0331",0,178257.0875,0,0,0,3146.63500000004,13052.2970000004,-9905.66200000033
"2014_2015","WKO1101",0,0,0,0,0,0,0,0
"2014_2015","WMG1101",0,0,0,0,0,0,0,0
"2014_2015","WMG1102",0,0,0,0,0,0,0,0
"2014_2015","WPA2201",0,0,0,0,0,0,0,0
"2014_2015","WPA2201 WPA0",187078.7125,0,-3589.67799999992,10118.5980000001,-13708.276,0,0,0
"2014_2015","WPR0331",0,39967.6365,0,0,0,543.682000000002,4067.98600000012,-3524.30400000012
"2014_2015","WPR0661",1.4685,26307.0915,-0.602000000000001,0.0570000000000004,-0.659000000000002,-58.7450000000652,2565.70900000001,-2624.45400000007
"2014_2015","WPR2202",0,0,0,0,0,0,0,0
"2014_2015","WPR2203",0,0,0,0,0,0,0,0
"2014_2015","WPT0111",0,52011.4965,0,0,0,1749.67800000037,5584.06000000035,-3834.38199999998
"2014_2015","WPT1101",0,0,0,0,0,0,0,0
"2014_2015","WPT1102",0,0,0,0,0,0,0,0
"2014_2015","WPW0331",0,116461.542,0,0,0,1357.06299999973,8160.60700000016,-6803.54400000044
"2014_2015","WPW1101",0,0,0,0,0,0,0,0
"2014_2015","WPW1102",0,0,0,0,0,0,0,0
"2014_2015","WRD0331",0,267398.1635,0,0,0,4279.03400000029,20232.7750000008,-15953.7410000005
"2014_2015","WRD2201",0,0,0,0,0,0,0,0
"2014_2015","WRK0331",0,212423.8875,0,0,0,3793.79200000017,14718.0520000003,-10924.2600000002
"2014_2015","WRK0331 RKA0",224121.5,0,-5181.871,10445.04,-15626.911,0,0,0
"2014_2015","WRK0331 TAA0",202282,0,-4238.744,9243.522,-13482.266,0,0,0
"2014_2015","WRK2201",0,0,0,0,0,0,0,0
"2014_2015","WRK2201 WRK0",1087618.1,0,-29811.266,48931.499,-78742.765,0,0,0
"2014_2015","WTK0111",0,0,0,0,0,0,0,0
"2014_2015","WTK0111 WTK0",512065.4045,0,-70015.219,19930.522,-89945.741,0,0,0
"2014_2015","WTK0331",0,15901.634,0,0,0,1720.09500000003,2510.17800000002,-790.082999999988
"2014_2015","WTK1101",0,0,0,0,0,0,0,0
"2014_2015","WTK1102",0,0,0,0,0,0,0,0
"2014_2015","WTK2201",0,0,0,0,0,0,0,0
"2014_2015","WTU0331",0,411223.6815,0,0,0,7280.22500000097,31254.7489999999,-23974.5239999989
"2014_2015","WTU2201",0,0,0,0,0,0,0,0
"2014_2015","WTU2202",0,0,0,0,0,0,0,0
"2014_2015","WVY0111",0,24736.32,0,0,0,396.854999999929,1661.82200000001,-1264.96700000008
"2014_2015","WVY1101",0,0,0,0,0,0,0,0
"2014_2015","WWD1102",255841.066,278.228,-985.278000000004,14424.766,-15410.044,7.03099999999823,19.1440000000012,-12.113000000003
"2014_2015","WWD1102 WWD0",0,0,0,0,0,0,0,0
"2014_2015","WWD1103",275577.614,229.4025,15.677999999991,16611.567,-16595.889,0.801000000002947,14.0660000000016,-13.2649999999987
"2014_2015","WWD1103 WWD0",0,0,0,0,0,0,0,0
"2015_2016","ABY0111",6264.9905,16228.182,-419.519,115.764,-535.282999999999,1976.98900000018,2258.41700000009,-281.427999999908
"2015_2016","ABY1101",0,0,0,0,0,0,0,0
"2015_2016","ALB0331",0,643895.063,0,0,0,78293.6409999999,86970.0470000015,-8676.40600000162
"2015_2016","ALB1101",0,267289.985,0,0,0,33520.6060000004,37066.325,-3545.71899999961
"2015_2016","ALB2201",0,0,0,0,0,0,0,0
"2015_2016","APS0111",0,1178.914,0,0,0,155.002999999995,171.746999999992,-16.7439999999978
"2015_2016","APS0661",0,0,0,0,0,0,0,0
"2015_2016","ARA2201",0,0,0,0,0,0,0,0
"2015_2016","ARA2201 ARA0",401338.295,0,-49681.8739999997,5127.41700000029,-54809.2909999999,0,0,0
"2015_2016","ARG1101",0,105.577,0,0,0,11.0030000000002,12.7399999999999,-1.73699999999969
"2015_2016","ARG1101 BRR0",41892.6335,0,-6278.54699999999,690.607000000005,-6969.154,0,0,0
"2015_2016","ARI1101",0,0,0,0,0,0,0,0
"2015_2016","ARI1101 ARI0",441409.699,0,-53436.5,5929.41500000006,-59365.9150000001,0,0,0
"2015_2016","ARI1102",0,0,0,0,0,0,0,0
"2015_2016","ARI1102 ARI0",270359.0185,0,-37814.362,3507.14700000011,-41321.5090000001,0,0,0
"2015_2016","ASB0331",0,137288.9875,0,0,0,16387.5550000002,18524.2340000011,-2136.67900000092
"2015_2016","ASB0661",0,530529.433,0,0,0,47619.820000004,57022.7570000042,-9402.93700000018
"2015_2016","ASB0661 HBK0",99028.2,0,-15489.864,905.623,-16395.487,0,0,0
"2015_2016","ASB2201",0,0,0,0,0,0,0,0
"2015_2016","ASY0111",0,82825.073,0,0,0,10613.9000000002,11952.7750000002,-1338.87500000009
"2015_2016","ASY0661",0,0,0,0,0,0,0,0
"2015_2016","ATI2201",0,0,0,0,0,0,0,0
"2015_2016","ATI2201 ATI0",274735.9315,0,-37206.0010000002,3561.17100000004,-40767.1720000002,0,0,0
"2015_2016","ATU1101",0,2500.761,0,0,0,304.260000000002,353.046000000011,-48.7860000000088
"2015_2016","AVI2201",0,0,0,0,0,0,0,0
"2015_2016","AVI2201 AVI0",681101.111,0,-60556.218,13820.926,-74377.144,0,0,0
"2015_2016","BAL0331",0,144569.925,0,0,0,17656.7560000002,23438.0929999997,-5781.33699999944
"2015_2016","BAL1101",0,0,0,0,0,0,0,0
"2015_2016","BDE0111",0,55518.882,0,0,0,7024.77000000001,9612.89000000004,-2588.12000000004
"2015_2016","BDE1101",0,0,0,0,0,0,0,0
"2015_2016","BEN2201",0,0,0,0,0,0,0,0
"2015_2016","BEN2202",0,0,0,0,0,0,0,0
"2015_2016","BEN2202 BEN0",2908635.875,0,-292415.071,35761.6220000005,-328176.693,0,0,0
"2015_2016","BEN3502",0,0,0,0,0,0,0,0
"2015_2016","BEN3503",0,0,0,0,0,0,0,0
"2015_2016","BHL2201",0,0,0,0,0,0,0,0
"2015_2016","BHL2202",0,0,0,0,0,0,0,0
"2015_2016","BLN0331",0,390120.468,0,0,0,50396.0399999996,57059.8280000013,-6663.78800000178
"2015_2016","BLN1101",0,0,0,0,0,0,0,0
"2015_2016","BOB0331",0,52287.314,0,0,0,6864.09700000001,7568.38000000008,-704.283000000072
"2015_2016","BOB1101",0,337172.3125,0,0,0,44078.1430000002,48720.6410000001,-4642.49799999988
"2015_2016","BPC1101",0,0,0,0,0,0,0,0
"2015_2016","BPD1101",0,42130.3515,0,0,0,5917.46100000003,6681.30300000006,-763.842000000029
"2015_2016","BPE0331",31.1145,342791.368,-10.254,0.0270000000000001,-10.281,39810.7750000014,44748.6060000018,-4937.83100000042
"2015_2016","BPE0331 TWF0",0,0,0,0,0,0,0,0
"2015_2016","BPE0551",0.2645,5780.8105,-0.0120000000000001,0,-0.0120000000000001,440.804999999928,539.962999999947,-99.1580000000191
"2015_2016","BPE1101",0,0,0,0,0,0,0,0
"2015_2016","BPE2201",0,0,0,0,0,0,0,0
"2015_2016","BPT1101",0,31026.395,0,0,0,4137.83600000002,4562.38499999995,-424.548999999936
"2015_2016","BRB0331",0,384846.4085,0,0,0,44781.5000000002,50374.2410000009,-5592.74100000074
"2015_2016","BRB2201",0,0,0,0,0,0,0,0
"2015_2016","BRK0331",0,123342.4755,0,0,0,13583.106,15205.6560000005,-1622.55000000049
"2015_2016","BRK2201",0,0,0,0,0,0,0,0
"2015_2016","BRK2202",0,0,0,0,0,0,0,0
"2015_2016","BRY0661",0,655156.5935,0,0,0,89063.5770000035,98818.3830000014,-9754.80599999786
"2015_2016","BRY2201",0,0,0,0,0,0,0,0
"2015_2016","BWK1101",0,37.3345,0,0,0,5.8120000000004,7.20300000000024,-1.39099999999985
"2015_2016","BWK1101 WPI0",85290.2665,0,-9564.995,4977.36100000004,-14542.356,0,0,0
"2015_2016","CBG0111",0,213208.192,0,0,0,26019.5429999996,28837.2990000001,-2817.75600000047
"2015_2016","CBG1101",0,0,0,0,0,0,0,0
"2015_2016","CBG1102",0,0,0,0,0,0,0,0
"2015_2016","CLH0111",0,1890.964,0,0,0,244.470000000014,271.330000000013,-26.8599999999989
"2015_2016","CLH0661",0,0,0,0,0,0,0,0
"2015_2016","CML0331",0,157584.841,0,0,0,14683.2959999997,19571.2650000001,-4887.96900000042
"2015_2016","CML1101",0,0,0,0,0,0,0,0
"2015_2016","CML1102",0,0,0,0,0,0,0,0
"2015_2016","CML2201",0,0,0,0,0,0,0,0
"2015_2016","CML2202",0,0,0,0,0,0,0,0
"2015_2016","COL0111",0,1291.793,0,0,0,162.374999999997,179.695999999999,-17.321000000002
"2015_2016","COL0661",0,5.0965,0,0,0,0.851000000000028,0.880000000000052,-0.0290000000000248
"2015_2016","COL0661 COL0",286381.775,0,-34502.0280000001,4479.321,-38981.3490000001,0,0,0
"2015_2016","CPK0111",0,100740.0975,0,0,0,11367.3250000002,12695.6680000005,-1328.34300000027
"2015_2016","CPK0331",0,701094.6665,0,0,0,79949.0980000048,89127.5040000064,-9178.40600000159
"2015_2016","CPK1101",0,0,0,0,0,0,0,0
"2015_2016","CPK1102",0,0,0,0,0,0,0,0
"2015_2016","CPK1103",0,0,0,0,0,0,0,0
"2015_2016","CST0331",0,255595.7465,0,0,0,28488.6860000012,32165.6510000008,-3676.96499999957
"2015_2016","CST1101",0,0,0,0,0,0,0,0
"2015_2016","CUL0331",0,90791.229,0,0,0,9194.02599999986,10927.5229999998,-1733.49699999993
"2015_2016","CUL0661",0,34146.8285,0,0,0,4308.9899999998,4882.74199999988,-573.75200000008
"2015_2016","CUL2202",0,0,0,0,0,0,0,0
"2015_2016","CUL2203",0,0,0,0,0,0,0,0
"2015_2016","CYD0331",27848.798,9405.435,-4372.299,828.262,-5200.561,308.135000000043,869.02499999991,-560.889999999867
"2015_2016","CYD2201",0,201.146,0,0,0,5.51200000000741,19.5070000000005,-13.9949999999931
"2015_2016","CYD2201 CYD0",2265880.771,0,-202934.231,75639.8040000001,-278574.035,0,0,0
"2015_2016","DOB0331",516.4855,18525.1335,-90.035,5.29299999999999,-95.328,2269.25199999998,2592.878,-323.626000000019
"2015_2016","DOB0661",0,0,0,0,0,0,0,0
"2015_2016","DOB1101",0,0,0,0,0,0,0,0
"2015_2016","DOB1102",0,0,0,0,0,0,0,0
"2015_2016","DRY2201",0,0,0,0,0,0,0,0
"2015_2016","DRY2202",0,0,0,0,0,0,0,0
"2015_2016","DVK0111",0,68937.2455,0,0,0,7552.32800000024,8510.83300000034,-958.505000000107
"2015_2016","DVK1101",0,0,0,0,0,0,0,0
"2015_2016","DVK1102",0,0,0,0,0,0,0,0
"2015_2016","EDG0331",0,334791.2835,0,0,0,38889.8629999986,43171.9389999996,-4282.07600000101
"2015_2016","EDG1101",0,0,0,0,0,0,0,0
"2015_2016","EDG1102",0,0,0,0,0,0,0,0
"2015_2016","EDG2201",0,0,0,0,0,0,0,0
"2015_2016","EDN0331",0,130612.107,0,0,0,16905.7160000001,22022.1010000002,-5116.38500000011
"2015_2016","EDN1101",0,0,0,0,0,0,0,0
"2015_2016","FHL0331",0,265656.624,0,0,0,28715.5930000012,32389.6150000011,-3674.02199999991
"2015_2016","FHL1101",0,0,0,0,0,0,0,0
"2015_2016","FKN0331",0,242475.9885,0,0,0,27491.7590000011,34245.6940000008,-6753.93499999968
"2015_2016","FKN1101",0,0,0,0,0,0,0,0
"2015_2016","FKN1102",0,0,0,0,0,0,0,0
"2015_2016","GFD0331",0,273908.476,0,0,0,31746.0619999991,35251.8750000002,-3505.81300000104
"2015_2016","GFD1101",0,0,0,0,0,0,0,0
"2015_2016","GFD1102",0,0,0,0,0,0,0,0
"2015_2016","GLN0331",0,727550.287,0,0,0,82480.0330000002,91583.2000000016,-9103.16700000145
"2015_2016","GLN0332",0,365718.5375,0,0,0,42336.9450000001,47421.5010000007,-5084.55600000068
"2015_2016","GLN0332 GLN0",413104.5,0,-48082.348,5123.804,-53206.152,0,0,0
"2015_2016","GLN2201",0,0,0,0,0,0,0,0
"2015_2016","GNY1101",0,0,0,0,0,0,0,0
"2015_2016","GOR0331",0,151849.3975,0,0,0,18539.0390000002,25378.8250000002,-6839.78599999999
"2015_2016","GOR1101",0,0,0,0,0,0,0,0
"2015_2016","GOR1102",0,0,0,0,0,0,0,0
"2015_2016","GYM0661",0,57686.8135,0,0,0,7884.13300000002,8815.86599999998,-931.73299999996
"2015_2016","GYT0331",266.4605,50252.9465,-14.625,1.026,-15.651,5543.54200000003,6385.61300000004,-842.071000000009
"2015_2016","GYT1101",0,0,0,0,0,0,0,0
"2015_2016","GYT1102",0,0,0,0,0,0,0,0
"2015_2016","HAM0111",0,137658.87,0,0,0,17722.9259999997,19453.0880000001,-1730.16200000043
"2015_2016","HAM0331",0,576219.6885,0,0,0,69009.8669999982,76559.4769999981,-7549.6099999999
"2015_2016","HAM0551",18.924,5350.289,-1.59799999999999,0.306000000000003,-1.904,511.031999999975,581.373999999979,-70.3420000000034
"2015_2016","HAM1101",0,0,0,0,0,0,0,0
"2015_2016","HAM2201",0,0,0,0,0,0,0,0
"2015_2016","HAY0111",0,64872.5075,0,0,0,7458.33900000007,8256.86800000017,-798.529000000091
"2015_2016","HAY0331",0,60194.781,0,0,0,7279.26699999991,8046.90000000015,-767.633000000235
"2015_2016","HAY1101",0,0,0,0,0,0,0,0
"2015_2016","HAY2201",0,0,0,0,0,0,0,0
"2015_2016","HAY3502",0,0,0,0,0,0,0,0
"2015_2016","HAY3503",0,0,0,0,0,0,0,0
"2015_2016","HEN0331",0,500939.863,0,0,0,61728.4919999981,68317.2849999993,-6588.79300000117
"2015_2016","HEN1101",0,0,0,0,0,0,0,0
"2015_2016","HEN2201",0,0,0,0,0,0,0,0
"2015_2016","HEP0331",0,599521.9595,0,0,0,73831.659,81781.5799999977,-7949.9209999977
"2015_2016","HEP1101",0,0,0,0,0,0,0,0
"2015_2016","HIN0331",0,203159.473,0,0,0,24453.5370000005,27082.8720000006,-2629.3350000001
"2015_2016","HIN1101",0,0,0,0,0,0,0,0
"2015_2016","HKK0661",2566.506,31567.367,-443.386,32.83,-476.216,3244.50199999978,3988.32300000001,-743.821000000225
"2015_2016","HLY0331",0,124192.521,0,0,0,15012.1430000005,16621.3220000003,-1609.17899999982
"2015_2016","HLY2201",0,0,0,0,0,0,0,0
"2015_2016","HLY2201 HLY1",787296.819,0,-59513.9929999996,10150.3720000007,-69664.3650000003,0,0,0
"2015_2016","HLY2201 HLY2",394261.367,0,-40663.342,7064.34500000023,-47727.6870000002,0,0,0
"2015_2016","HLY2201 HLY5",2756392.5815,0,-359894.875,35267.3650000007,-395162.240000001,0,0,0
"2015_2016","HLY2201 HLY6",55179.5,0,-3583.53499999999,1785.221,-5368.756,0,0,0
"2015_2016","HOB1101",771.163,232356.0675,-419.944999999999,6.48300000000007,-426.427999999999,27140.0829999987,30322.6779999997,-3182.59500000103
"2015_2016","HOB2201",0,0,0,0,0,0,0,0
"2015_2016","HOR0331",0,80812.882,0,0,0,8917.67800000069,10335.9150000005,-1418.23699999982
"2015_2016","HOR0661",0,113017.0665,0,0,0,11366.7120000002,13492.1129999999,-2125.40099999975
"2015_2016","HPI2201",0,0,0,0,0,0,0,0
"2015_2016","HPI2202",0,0,0,0,0,0,0,0
"2015_2016","HTI0331",0,171596.746,0,0,0,17438,20070.8640000003,-2632.86400000026
"2015_2016","HTI1101",0,0,0,0,0,0,0,0
"2015_2016","HUI0331",1.0465,133126.6495,0.000999999999999446,0.000999999999999446,0,13654.7650000005,14942.4150000004,-1287.64999999983
"2015_2016","HUI1101",0,0,0,0,0,0,0,0
"2015_2016","HWA0331",0,157510.763,0,0,0,17052.4449999993,19150.1349999997,-2097.69000000048
"2015_2016","HWA0332",0,57594.336,0,0,0,6698.3189999999,7571.60400000004,-873.285000000138
"2015_2016","HWA1001",0,0,0,0,0,0,0,0
"2015_2016","HWA1101",0,26.899,0,0,0,3.20699999999982,3.54999999999993,-0.343000000000107
"2015_2016","HWA1101 PTA1",40740.328,0,-6957.667,553.953000000019,-7511.62000000002,0,0,0
"2015_2016","HWA1101 PTA2",24067.7855,0,-5744.83200000001,269.702000000011,-6014.53400000002,0,0,0
"2015_2016","HWA1101 PTA3",19465.539,0,-5351.546,182.329000000007,-5533.87500000001,0,0,0
"2015_2016","HWA1102",0,144.249,0,0,0,16.8619999999846,17.1939999999821,-0.331999999997436
"2015_2016","HWA1102 WAA0",69765.5,0,-7793.122,916.62,-8709.742,0,0,0
"2015_2016","HWA1102 WAA1",69766.75,0,-7791.841,916.297,-8708.138,0,0,0
"2015_2016","HWB0331",2437.581,213937.998,-116.664,161.546,-278.21,28068.3289999992,36925.12,-8856.79100000084
"2015_2016","HWB0331 MAH0",0,0,0,0,0,0,0,0
"2015_2016","HWB0331 WPI0",31348.1575,0,-5341.808,969.767000000006,-6311.57500000001,0,0,0
"2015_2016","HWB0332",0,202428.8565,0,0,0,24213.7589999982,33156.9159999977,-8943.15699999944
"2015_2016","HWB1101",0,37130.6575,0,0,0,3931.49799999973,5679.93699999984,-1748.43900000011
"2015_2016","HWB2201",0,0,0,0,0,0,0,0
"2015_2016","IGH1101",0,0,0,0,0,0,0,0
"2015_2016","INV0331",0,431837.1755,0,0,0,52737.9029999966,71281.4269999962,-18543.5239999996
"2015_2016","INV1101",0,0,0,0,0,0,0,0
"2015_2016","INV2201",0,0,0,0,0,0,0,0
"2015_2016","INV2202",0,0,0,0,0,0,0,0
"2015_2016","ISL0331",0,369441.9665,0,0,0,49370.2619999995,55161.7749999999,-5791.51300000036
"2015_2016","ISL0661",0,1975838.038,0,0,0,269204.053999996,299504.874999988,-30300.8209999921
"2015_2016","ISL2201",0,0,0,0,0,0,0,0
"2015_2016","KAI0111",0,133355.812,0,0,0,18985.4840000002,21094.1870000001,-2108.7029999999
"2015_2016","KAI0661",0,0,0,0,0,0,0,0
"2015_2016","KAW0111",68882.3315,2.5115,-6776.758,924.090000000001,-7700.848,0.601000000000226,0.604000000000156,-0.00299999999992906
"2015_2016","KAW0112",0,317588.0415,0,0,0,38697.3809999975,42778.7279999987,-4081.34700000115
"2015_2016","KAW0112 DLS0",0,0,0,0,0,0,0,0
"2015_2016","KAW0112 ONU0",378663.45,0,-50243.833,4854.701,-55098.534,0,0,0
"2015_2016","KAW0113",0,8730.93,0,0,0,1253.23500000007,1415.87400000017,-162.639000000103
"2015_2016","KAW0113 DLS1",0,372277.191,0,0,0,42069.371,46837.9940000002,-4768.62300000017
"2015_2016","KAW1101",0,14.7465,0,0,0,-0.0970000000004347,0.00799999999981083,-0.105000000000246
"2015_2016","KAW1101 KAG0",901111.2415,0,-109893.074,11249.393,-121142.467,0,0,0
"2015_2016","KAW2201",0,0,0,0,0,0,0,0
"2015_2016","KBT0661",0,0,0,0,0,0,0,0
"2015_2016","KBT0662",0,0,0,0,0,0,0,0
"2015_2016","KBY0661",0,31424.486,0,0,0,3733.69500000001,4306.51099999989,-572.815999999884
"2015_2016","KBY0662",0,32999.076,0,0,0,3938.23599999991,4531.79599999998,-593.560000000072
"2015_2016","KIK0111",0,12794.499,0,0,0,1549.53500000005,1776.93800000005,-227.402999999993
"2015_2016","KIK1101",0,0,0,0,0,0,0,0
"2015_2016","KIK2201",0,0,0,0,0,0,0,0
"2015_2016","KIN0111",0,342170.6775,0,0,0,42002.5089999985,46888.6169999994,-4886.1080000009
"2015_2016","KIN0112",100240.889,39533.597,-9320.123,1677.973,-10998.096,7193.76000000025,7585.88400000026,-392.124000000008
"2015_2016","KIN0112 KIN0",91260.56,0,-17423.633,907.9,-18331.533,0,0,0
"2015_2016","KIN0113",0,131333.648,0,0,0,15856.0250000008,17594.0160000006,-1737.99099999981
"2015_2016","KIN0331",0,85008.7045,0,0,0,10445.9579999999,11556.7190000001,-1110.76100000024
"2015_2016","KIN1101",0,0,0,0,0,0,0,0
"2015_2016","KIN1102",0,0,0,0,0,0,0,0
"2015_2016","KMO0331",0,70134.846,0,0,0,8925.55299999973,9760.2050000001,-834.652000000373
"2015_2016","KMO1101",0,0,0,0,0,0,0,0
"2015_2016","KMO1102",0,0,0,0,0,0,0,0
"2015_2016","KMO1103",0,0,0,0,0,0,0,0
"2015_2016","KMO2201",0,0,0,0,0,0,0,0
"2015_2016","KOE1101",70383.673,10975.7825,-8388.998,1039.276,-9428.274,1136.14299999991,1239.04500000003,-102.902000000125
"2015_2016","KPA1101",0,84.2485,0,0,0,23.0929999999926,23.3099999999968,-0.217000000004191
"2015_2016","KPA1101 KPI1",133588.459,0,-14721.336,1613.495,-16334.831,0,0,0
"2015_2016","KPO1101",0,0,0,0,0,0,0,0
"2015_2016","KPO1101 KPO0",432366.675,0,-53613.0269999999,6016.71500000012,-59629.742,0,0,0
"2015_2016","KPU0661",0,212745.707,0,0,0,26234.4520000002,29173.1310000013,-2938.67900000104
"2015_2016","KPU1101",0,0,0,0,0,0,0,0
"2015_2016","KPU1102",0,0,0,0,0,0,0,0
"2015_2016","KUM0661",10998.975,1674.217,-1290.881,138.861,-1429.742,231.476000000008,264.787000000008,-33.3109999999992
"2015_2016","KUM0661 KUM0",25648.4915,0,-3048.11999999999,326.500000000007,-3374.62,0,0,0
"2015_2016","KWA0111",0,153767.3005,0,0,0,16972.4349999998,19034.8580000003,-2062.42300000043
"2015_2016","KWA1101",0,0,0,0,0,0,0,0
"2015_2016","KWA1102",0,0,0,0,0,0,0,0
"2015_2016","LFD1101",0,21918.2245,0,0,0,2528.24899999998,2828.60500000003,-300.356000000055
"2015_2016","LFD1102",0,21157.7735,0,0,0,2390.62499999997,2676.93300000004,-286.308000000069
"2015_2016","LIV2201",0,0,0,0,0,0,0,0
"2015_2016","LTN0331",9083.218,128414.2345,-832.937,51.2860000000001,-884.223,16575.6239999999,18606.9240000002,-2031.30000000025
"2015_2016","LTN0331 TWF0",0,0,0,0,0,0,0,0
"2015_2016","LTN2201",0,0,0,0,0,0,0,0
"2015_2016","LTN2202",0,0,0,0,0,0,0,0
"2015_2016","MAN2201",0,7827.5705,0,0,0,876.277000000047,1201.99900000003,-325.721999999982
"2015_2016","MAN2201 MAN0",5843555.764,0,-482197.904,271944.457,-754142.361,0,0,0
"2015_2016","MAT1101",0.001,1162.7935,0,0,0,190.659999999998,203.591,-12.9310000000016
"2015_2016","MAT1101 ANI0",87954.9,0,-15255.073,1056.065,-16311.138,0,0,0
"2015_2016","MAT1101 MAT0",225338.5635,0,-240266.03,5386.85000000001,-245652.88,0,0,0
"2015_2016","MCH0111",0,11769.06,0,0,0,1461.55799999996,1675.86899999995,-214.310999999985
"2015_2016","MCH1101",0,0,0,0,0,0,0,0
"2015_2016","MDN1101",0,0,0,0,0,0,0,0
"2015_2016","MDN2201",0,0,0,0,0,0,0,0
"2015_2016","MER0331",0,1450.943,0,0,0,19.2699999999929,23.7429999999909,-4.47299999999797
"2015_2016","MGM0331",0,76849.691,0,0,0,8054.45599999968,9122.83300000013,-1068.37700000045
"2015_2016","MGM1101",0,0,0,0,0,0,0,0
"2015_2016","MHO0331",0,173742.9065,0,0,0,19702.5200000004,21985.3490000004,-2282.82899999995
"2015_2016","MHO0331 MHO0",136715.9655,0,-17958.365,1043.244,-19001.609,0,0,0
"2015_2016","MHO1101",0,0,0,0,0,0,0,0
"2015_2016","MHO1102",0,0,0,0,0,0,0,0
"2015_2016","MHT1102",0,0,0,0,0,0,0,0
"2015_2016","MHT1103",0,0,0,0,0,0,0,0
"2015_2016","MKE1101",0,930.1465,0,0,0,115.978000000003,128.794000000008,-12.8160000000041
"2015_2016","MKE1101 MKE1",237544.6285,0,-20792.194,3720.41300000001,-24512.607,0,0,0
"2015_2016","MKT1101",0,0,0,0,0,0,0,0
"2015_2016","MLG0111",0,114609.6925,0,0,0,13008.3820000002,14528.7919999998,-1520.40999999968
"2015_2016","MLG0331",0,141258.087,0,0,0,16199.017000001,18037.1520000001,-1838.13499999909
"2015_2016","MLG1101",0,0,0,0,0,0,0,0
"2015_2016","MLG1102",0,0,0,0,0,0,0,0
"2015_2016","MNG0331",0,542764.9375,0,0,0,64661.5710000003,72078.0799999991,-7416.50899999877
"2015_2016","MNG1101",0,98263.9425,0,0,0,15651.4529999998,17081.7289999999,-1430.27600000012
"2015_2016","MNI0111",0,50324.992,0,0,0,5415.44400000009,6125.84000000011,-710.396000000019
"2015_2016","MNI1101",0,0,0,0,0,0,0,0
"2015_2016","MPE1101",0,571500.1105,0,0,0,68405.2749999999,76223.9610000018,-7818.68600000197
"2015_2016","MST0331",0,218877.7595,0,0,0,24843.9470000003,27924.649,-3080.70199999964
"2015_2016","MST1101",0,0,0,0,0,0,0,0
"2015_2016","MTI2201",0,0,0,0,0,0,0,0
"2015_2016","MTI2201 MTI0",843897.871,0,-106485.302,11339.4560000004,-117824.758,0,0,0
"2015_2016","MTM0331",0,297452.86,0,0,0,37394.486000001,41171.6900000004,-3777.20399999934
"2015_2016","MTM1101",0,0,0,0,0,0,0,0
"2015_2016","MTN0331",0,88316.3775,0,0,0,9391.87400000019,10656.2120000002,-1264.33799999997
"2015_2016","MTN1101",0,0,0,0,0,0,0,0
"2015_2016","MTN1102",0,0,0,0,0,0,0,0
"2015_2016","MTO0331",0,97527.289,0,0,0,11446.534,12787.9800000001,-1341.44600000009
"2015_2016","MTO1101",0,0,0,0,0,0,0,0
"2015_2016","MTO1102",0,0,0,0,0,0,0,0
"2015_2016","MTR0331",0,33373.5355,0,0,0,3926.05499999997,4411.07899999991,-485.023999999939
"2015_2016","MTR1101",0,0,0,0,0,0,0,0
"2015_2016","MVE1101",0,0,0,0,0,0,0,0
"2015_2016","MVE1102",0,0,0,0,0,0,0,0
"2015_2016","NAP2201",0,177.529,0,0,0,21.3600000000061,22.5380000000042,-1.17799999999818
"2015_2016","NAP2201 NAP0",1135010.5445,0,-121802.744,14900.618,-136703.362,0,0,0
"2015_2016","NAP2202",0,2.6705,0,0,0,0.0569999999996753,0.0709999999996285,-0.0139999999999532
"2015_2016","NAP2202 NTM0",693006.5,0,-74191.166,8486.108,-82677.274,0,0,0
"2015_2016","NGA1101",0,0,0,0,0,0,0,0
"2015_2016","NMA0331",52193.5745,108815.8,-2326.131,3448.986,-5775.117,17717.6769999997,20551.439,-2833.76200000025
"2015_2016","NMA0331 WHL0",0,0,0,0,0,0,0,0
"2015_2016","NMA2201",0,0,0,0,0,0,0,0
"2015_2016","NPK0331",0,16043.502,0,0,0,2151.46200000011,2378.93500000008,-227.472999999975
"2015_2016","NPK1101",0,0,0,0,0,0,0,0
"2015_2016","NPL0331",0,84680.8685,0,0,0,9632.31400000001,10748.2900000003,-1115.97600000033
"2015_2016","NPL1101",0,0,0,0,0,0,0,0
"2015_2016","NPL2201",0,0,0,0,0,0,0,0
"2015_2016","NSY0331",0,222897.384,0,0,0,35177.754,40884.5670000009,-5706.81300000088
"2015_2016","NSY0331 PAE0",52574.75,0,-10332.688,1092.891,-11425.579,0,0,0
"2015_2016","NSY2201",0,0,0,0,0,0,0,0
"2015_2016","OAM0331",0,213449.244,0,0,0,32861.6830000001,36263.8510000004,-3402.16800000036
"2015_2016","OAM1101",0,0,0,0,0,0,0,0
"2015_2016","OAM1102",0,0,0,0,0,0,0,0
"2015_2016","OHA2201",0,0,0,0,0,0,0,0
"2015_2016","OHA2201 OHA0",850906.376,0,-83354.756,13969.5350000001,-97324.291,0,0,0
"2015_2016","OHB2201",0,0,0,0,0,0,0,0
"2015_2016","OHB2201 OHB0",702499.2735,0,-66661.8930000001,11324.653,-77986.5460000001,0,0,0
"2015_2016","OHC2201",0,0,0,0,0,0,0,0
"2015_2016","OHC2201 OHC0",688011.6765,0,-64587.618,11068.191,-75655.809,0,0,0
"2015_2016","OHK2201",0,0,0,0,0,0,0,0
"2015_2016","OHK2201 OHK0",345193.8705,0,-49213.3039999996,4163.39900000037,-53376.7029999999,0,0,0
"2015_2016","OHW2201",0,0,0,0,0,0,0,0
"2015_2016","OHW2202",0,0,0,0,0,0,0,0
"2015_2016","OKE1101",0,0,0,0,0,0,0,0
"2015_2016","OKI2201",0,0,0,0,0,0,0,0
"2015_2016","OKI2201 OKI0",338334.99,0,-35983.942,4312.75699999999,-40296.699,0,0,0
"2015_2016","OKN0111",0,26865.915,0,0,0,3533.91300000005,3917.71300000005,-383.800000000005
"2015_2016","OKN1101",0,0,0,0,0,0,0,0
"2015_2016","ONG0331",2339.4685,14339.9005,-511.573,17.4730000000001,-529.046,958.481999999929,1236.38700000004,-277.90500000011
"2015_2016","ONG1101",0,0,0,0,0,0,0,0
"2015_2016","OPI2201",0,0,0,0,0,0,0,0
"2015_2016","OPI2202",0,0,0,0,0,0,0,0
"2015_2016","OPK0331",0,48323.0595,0,0,0,5052.9580000003,5703.57500000014,-650.61699999984
"2015_2016","OPK1101",0,0,0,0,0,0,0,0
"2015_2016","OPK1102",0,0,0,0,0,0,0,0
"2015_2016","ORO1101",0.487,18767.4665,0.00199999999999934,0.00499999999999901,-0.00299999999999967,2460.08899999989,2783.13399999995,-323.045000000065
"2015_2016","ORO1102",0.061,17776.1525,0.00099999999999989,0.00099999999999989,0,2365.78799999992,2676.55399999995,-310.766000000031
"2015_2016","OTA0221",0,299995.708,0,0,0,35998.9139999997,40084.8499999997,-4085.93599999996
"2015_2016","OTA1103",0,0,0,0,0,0,0,0
"2015_2016","OTA1104",0,0,0,0,0,0,0,0
"2015_2016","OTA1105",0,0,0,0,0,0,0,0
"2015_2016","OTA1106",0,0,0,0,0,0,0,0
"2015_2016","OTA1107",0,0,0,0,0,0,0,0
"2015_2016","OTA1108",0,0,0,0,0,0,0,0
"2015_2016","OTA1109",0,0,0,0,0,0,0,0
"2015_2016","OTA110A",0,0,0,0,0,0,0,0
"2015_2016","OTA2201",0,0,0,0,0,0,0,0
"2015_2016","OTA2202",0,0,0,0,0,0,0,0
"2015_2016","OTA2203",0,0,0,0,0,0,0,0
"2015_2016","OTI0111",0,1545.479,0,0,0,192.988000000009,217.293000000011,-24.3050000000025
"2015_2016","OTI0661",0,0,0,0,0,0,0,0
"2015_2016","OWH0111",0,56306.766,0,0,0,7071.12699999977,7861.37999999992,-790.253000000146
"2015_2016","OWH1101",0,0,0,0,0,0,0,0
"2015_2016","PAK0331",0,620420.0815,0,0,0,75992.2239999996,84163.6250000012,-8171.40100000158
"2015_2016","PAK2201",0,0,0,0,0,0,0,0
"2015_2016","PAO1101",0,171244.713,0,0,0,20795.4270000002,23060.7610000004,-2265.33400000011
"2015_2016","PEN0221",0,216419.249,0,0,0,26397.1169999999,29271.9260000006,-2874.80900000061
"2015_2016","PEN0222",0,0,0,0,0,0,0,0
"2015_2016","PEN0251",0.1215,15146.019,-0.006,0.006,-0.012,1786.60900000004,1983.45400000009,-196.845000000045
"2015_2016","PEN0331",0,1314265.2135,0,0,0,159392.777000006,177182.358000005,-17789.5809999995
"2015_2016","PEN1101",0.0215,802650.2965,0.003,0.004,-0.001,94723.3689999989,105732.154999997,-11008.7859999984
"2015_2016","PEN2201",0,0,0,0,0,0,0,0
"2015_2016","PIE1101",0,0,0,0,0,0,0,0
"2015_2016","PNI0331",0,68496.9485,0,0,0,8039.33700000008,8889.50900000024,-850.172000000157
"2015_2016","PNI1101",0,0,0,0,0,0,0,0
"2015_2016","PNI1102",0,0,0,0,0,0,0,0
"2015_2016","PPI2201",0,126.158,0,0,0,4.85999999999285,5.72599999999636,-0.86600000000351
"2015_2016","PPI2201 PPI0",409500.515,0,-44931.453,5367.032,-50298.485,0,0,0
"2015_2016","PRM0331",0,259578.9155,0,0,0,29160.3719999995,32529.6540000005,-3369.28200000104
"2015_2016","PRM2201",0,0,0,0,0,0,0,0
"2015_2016","PRM2202",0,0,0,0,0,0,0,0
"2015_2016","PRT2201",0,0,0,0,0,0,0,0
"2015_2016","PRT2202",0,0,0,0,0,0,0,0
"2015_2016","RDF0331",0,265441.9235,0,0,0,30028.8390000003,33336.7160000006,-3307.87700000021
"2015_2016","RDF1101",0,0,0,0,0,0,0,0
"2015_2016","RDF1102",0,0,0,0,0,0,0,0
"2015_2016","RDF2201",0,0,0,0,0,0,0,0
"2015_2016","RFC1101",0,0,0,0,0,0,0,0
"2015_2016","RFN1101",0.038,21802.203,0,0,0,2822.4790000002,3208.76800000016,-386.28899999996
"2015_2016","RFN1102",0,22477.4745,0,0,0,3277.24299999996,3675.66899999994,-398.425999999982
"2015_2016","ROS0221",0,464182.35,0,0,0,58965.0470000016,65106.0120000027,-6140.96500000103
"2015_2016","ROS1101",0,245431.2885,0,0,0,30052.3929999993,33577.7809999997,-3525.38800000041
"2015_2016","ROT0111",0,113914.2945,0,0,0,14703.2030000003,16113.0110000004,-1409.80800000012
"2015_2016","ROT0331",0,236474.397,0,0,0,28822.9749999992,31880.1649999998,-3057.19000000056
"2015_2016","ROT1101",0,3.567,0,0,0,0.0140000000000757,0.0230000000000619,-0.00899999999998613
"2015_2016","ROT1101 WHE0",83550.25,0,-11381.507,1120.202,-12501.709,0,0,0
"2015_2016","ROT1102",0,0,0,0,0,0,0,0
"2015_2016","ROX1101",0,0,0,0,0,0,0,0
"2015_2016","ROX1101 ROX0",473195.896,0,-45151.4390000001,24856.7889999999,-70008.228,0,0,0
"2015_2016","ROX2201",0,0,0,0,0,0,0,0
"2015_2016","ROX2201 ROX0",1322691.149,0,-119830.436,64325.646,-184156.082,0,0,0
"2015_2016","RPO2201",0,0,0,0,0,0,0,0
"2015_2016","RPO2201 RPO0",584837.504,0,-80845.461,7806.07499999998,-88651.536,0,0,0
"2015_2016","RTO1101",0,0,0,0,0,0,0,0
"2015_2016","RTR1101",0,0,0,0,0,0,0,0
"2015_2016","SBK0331",0,139809.602,0,0,0,21314.7479999997,23463.4689999994,-2148.72099999975
"2015_2016","SBK0661",0,108277.5565,0,0,0,10726.0449999999,12768.3359999998,-2042.29099999988
"2015_2016","SDN0331",0,303127.838,0,0,0,35535.5879999999,49037.7050000011,-13502.1170000012
"2015_2016","SDN2201",0,0,0,0,0,0,0,0
"2015_2016","SFD0331",0,132761.975,0,0,0,13995.9179999986,15781.5009999991,-1785.58300000047
"2015_2016","SFD1101",0,0,0,0,0,0,0,0
"2015_2016","SFD2201",0,4085.738,0,0,0,658.961999999978,697.831999999994,-38.8700000000161
"2015_2016","SFD2201 SFD21",284696.1385,0,-24833.89,5303.31300000012,-30137.2030000002,0,0,0
"2015_2016","SFD2201 SFD22",198721.765,0,-18026.589,4258.44400000009,-22285.0330000001,0,0,0
"2015_2016","SFD2201 SPL0",330073.894,0,-21951.0219999999,1605.20100000012,-23556.223,0,0,0
"2015_2016","STK0331",0,619462.0755,0,0,0,84359.3319999972,94005.817999996,-9646.48599999875
"2015_2016","STK0661",0,135831.442,0,0,0,17439.8929999992,19619.3949999991,-2179.50199999983
"2015_2016","STK0661 COB0",158787.5595,0,-24316.011,2525.109,-26841.12,0,0,0
"2015_2016","STK1101",0,0,0,0,0,0,0,0
"2015_2016","STK2201",0,0,0,0,0,0,0,0
"2015_2016","STU0111",0,64898.8415,0,0,0,8792.9410000002,10157.8020000001,-1364.86099999991
"2015_2016","STU1101",0,0,0,0,0,0,0,0
"2015_2016","SVL0331",0,321736.6715,0,0,0,39271.4809999995,43504.028,-4232.54700000054
"2015_2016","SVL2201",0,0,0,0,0,0,0,0
"2015_2016","SVL2202",0,0,0,0,0,0,0,0
"2015_2016","SWN0251",0,15695.566,0,0,0,1842.85400000002,2036.66200000006,-193.808000000037
"2015_2016","SWN2201",0,4568.33,0,0,0,552.955000000017,609.824000000018,-56.8690000000014
"2015_2016","TAK0331",0,472674.3425,0,0,0,57068.4600000017,63303.6920000035,-6235.23200000184
"2015_2016","TAK2201",0,0,0,0,0,0,0,0
"2015_2016","TAK2202",0,0,0,0,0,0,0,0
"2015_2016","TGA0111",0,126703.9355,0,0,0,15746.3620000005,17349.7880000007,-1603.4260000002
"2015_2016","TGA0331",0,379695.1745,0,0,0,47547.9520000014,52304.6650000006,-4756.7129999992
"2015_2016","TGA0331 KMI0",152432,0,-20872.152,2169.94,-23042.092,0,0,0
"2015_2016","TGA1101",0,0,0,0,0,0,0,0
"2015_2016","THI2201",0,42.601,0,0,0,0.206999999993968,0.495999999998276,-0.289000000004307
"2015_2016","THI2201 THI1",650156.385,0,-79270.576,8019.372,-87289.948,0,0,0
"2015_2016","THI2201 THI2",631961.22,0,-73672.326,7823.209,-81495.535,0,0,0
"2015_2016","TIM0111",0,358430.598,0,0,0,41097.0729999998,47420.8760000006,-6323.80300000086
"2015_2016","TIM1101",0,0,0,0,0,0,0,0
"2015_2016","TIM2201",0,0,0,0,0,0,0,0
"2015_2016","TIM2202",0,0,0,0,0,0,0,0
"2015_2016","TKA0111",0,0,0,0,0,0,0,0
"2015_2016","TKA0111 TKA1",133068.2805,0,-13567.274,2158.908,-15726.182,0,0,0
"2015_2016","TKA0331",0,18574.6645,0,0,0,2054.74499999991,2326.90099999991,-272.155999999998
"2015_2016","TKA1101",0,0,0,0,0,0,0,0
"2015_2016","TKB2201",0,0,0,0,0,0,0,0
"2015_2016","TKB2201 TKB1",779976.568,0,-83001.891,10339.318,-93341.209,0,0,0
"2015_2016","TKH0111",0,5717.819,0,0,0,714.628000000006,792.412000000018,-77.7840000000119
"2015_2016","TKH0501",0,0,0,0,0,0,0,0
"2015_2016","TKR0331",0,390612.3135,0,0,0,45069.7169999995,50055.8779999995,-4986.16099999999
"2015_2016","TKR1101",0,0,0,0,0,0,0,0
"2015_2016","TKU0331",53.9785,34737.6835,-17.1,0.100999999999997,-17.201,3980.03999999995,4347.9480000001,-367.908000000155
"2015_2016","TKU2201",0,0,0,0,0,0,0,0
"2015_2016","TKU2201 TKU0",729764.22,0,-120732.627,6114.58000000023,-126847.207,0,0,0
"2015_2016","TMH2201",0,0,0,0,0,0,0,0
"2015_2016","TMI0331",0,152657.255,0,0,0,19507.804,21325.2050000002,-1817.40100000016
"2015_2016","TMI1101",0,0,0,0,0,0,0,0
"2015_2016","TMK0331",0,293438.2935,0,0,0,29217.2050000004,35084.6860000005,-5867.48100000012
"2015_2016","TMK1101",0,0,0,0,0,0,0,0
"2015_2016","TMK1102",0,0,0,0,0,0,0,0
"2015_2016","TMN0551",225.2445,6637.755,-44.339,2.112,-46.451,627.707000000002,716.684000000015,-88.9770000000127
"2015_2016","TMN2201",0,0,0,0,0,0,0,0
"2015_2016","TMU0111",0,181157.755,0,0,0,22153.121,24553.2610000012,-2400.14000000116
"2015_2016","TMU1101",0,0,0,0,0,0,0,0
"2015_2016","TNG0111",0,244068.1905,0,0,0,27017.0719999997,30140.6890000003,-3123.61700000063
"2015_2016","TNG0551",93.4875,7055.3435,-8.26300000000001,0.524000000000005,-8.78700000000001,592.056000000004,675.375000000016,-83.3190000000122
"2015_2016","TNG2201",0,0,0,0,0,0,0,0
"2015_2016","TRK0111",0,33730.305,0,0,0,4162.85099999985,4582.17399999993,-419.323000000084
"2015_2016","TRK1101",0,0,0,0,0,0,0,0
"2015_2016","TRK1102",0,0,0,0,0,0,0,0
"2015_2016","TRK2201",0,0,0,0,0,0,0,0
"2015_2016","TUI1101",0,294703.159,0,0,0,30047.2859999997,33777.2479999995,-3729.96199999978
"2015_2016","TUI1101 KTW0",75833.739,0,-6737.50099999999,1455.37800000007,-8192.87900000006,0,0,0
"2015_2016","TUI1101 PRI0",125958.6605,0,-11853.341,2073.33900000008,-13926.6800000001,0,0,0
"2015_2016","TUI1101 TUI0",173795.877,0,-14717.208,3530.3700000001,-18247.5780000001,0,0,0
"2015_2016","TWC2201",473414.2995,295.022,-47796.081,4345.97,-52142.051,43.6249999999999,47.9129999999981,-4.28799999999816
"2015_2016","TWC2201 NZW0",0,0,0,0,0,0,0,0
"2015_2016","TWC2201 TWF0",0,0,0,0,0,0,0,0
"2015_2016","TWH0331",8852.974,305705.3365,-1791.168,64.333,-1855.501,32482.0849999991,36785.066,-4302.98100000099
"2015_2016","TWH0331 TRC1",317451.5055,0,-33040.162,4436.58300000001,-37476.745,0,0,0
"2015_2016","TWH0331 TUK0",0,0,0,0,0,0,0,0
"2015_2016","TWH2201",0,0,0,0,0,0,0,0
"2015_2016","TWI2201",0,5045708.7735,0,0,0,607720.014999997,826352.494999994,-218632.479999997
"2015_2016","TWT2201",0,0,0,0,0,0,0,0
"2015_2016","TWZ0331",0,34172.9905,0,0,0,3557.02699999995,4001.42399999996,-444.397000000015
"2015_2016","TWZ2201",0,0,0,0,0,0,0,0
"2015_2016","TWZ2202",0,0,0,0,0,0,0,0
"2015_2016","UHT0331",0,125167.306,0,0,0,14326.0019999996,15925.9720000002,-1599.97000000058
"2015_2016","UHT1101",0,0,0,0,0,0,0,0
"2015_2016","WAI0111",0,49016.584,0,0,0,6327.38999999992,6915.42700000013,-588.037000000209
"2015_2016","WAI0501",0,0,0,0,0,0,0,0
"2015_2016","WAI1101",0,0,0,0,0,0,0,0
"2015_2016","WDV0111",0,13165.9335,0,0,0,1427.83100000002,1608.29100000003,-180.460000000014
"2015_2016","WDV1101",290259.7595,528.1765,-30534.636,2795.05200000001,-33329.688,59.5590000000006,67.1840000000009,-7.62500000000021
"2015_2016","WDV1101 TAP0",0,0,0,0,0,0,0,0
"2015_2016","WDV1102",0,0,0,0,0,0,0,0
"2015_2016","WEL0331",0,155932.753,0,0,0,18951.729999999,21115.7169999999,-2163.9870000009
"2015_2016","WEL1101",0,0,0,0,0,0,0,0
"2015_2016","WEL1102",0,0,0,0,0,0,0,0
"2015_2016","WGN0331",0,144408.9495,0,0,0,16537.3000000002,18486.5719999999,-1949.27199999976
"2015_2016","WGN1101",0,0,0,0,0,0,0,0
"2015_2016","WHI0111",0,523250.842,0,0,0,57834.2880000018,63733.9140000002,-5899.62599999841
"2015_2016","WHI2201",0,1226.401,0,0,0,150.017000000006,163.894000000005,-13.8769999999993
"2015_2016","WHI2201 WHI0",440.428,0,-7.99299999999721,2.72848410531878e-12,-7.99299999999994,0,0,0
"2015_2016","WHU0331",0,177673.834,0,0,0,20670.8640000006,23204.2250000001,-2533.36099999959
"2015_2016","WHU1101",0,0,0,0,0,0,0,0
"2015_2016","WIL0331",99400.9115,74473.8885,-8531.402,1078.896,-9610.298,10910.0600000006,12135.5510000004,-1225.49099999977
"2015_2016","WIL0331 MCK0",0,0,0,0,0,0,0,0
"2015_2016","WIL1101",0,0,0,0,0,0,0,0
"2015_2016","WIL2201",0,0,0,0,0,0,0,0
"2015_2016","WIR0331",0,460682.601,0,0,0,61832.2380000005,68074.9890000008,-6242.75100000028
"2015_2016","WIR1101",0,0,0,0,0,0,0,0
"2015_2016","WIR1102",0,0,0,0,0,0,0,0
"2015_2016","WKM2201",0,48076.499,0,0,0,5190.8739999999,5787.50000000009,-596.626000000189
"2015_2016","WKM2201 MOK0",905296.465,0,-100735.109,11220.561,-111955.67,0,0,0
"2015_2016","WKM2201 WKM0",463631.258,0,-59182.3689999997,5751.18100000028,-64933.55,0,0,0
"2015_2016","WKM2202",0,0,0,0,0,0,0,0
"2015_2016","WKO0331",0,169438.2765,0,0,0,20995.0320000001,23378.5900000001,-2383.558
"2015_2016","WKO1101",0,0,0,0,0,0,0,0
"2015_2016","WMG1101",0,0,0,0,0,0,0,0
"2015_2016","WMG1102",0,0,0,0,0,0,0,0
"2015_2016","WPA2201",0,0,0,0,0,0,0,0
"2015_2016","WPA2201 WPA0",218511.254,0,-27730.5759999999,2883.89100000012,-30614.467,0,0,0
"2015_2016","WPR0331",0,40660.49,0,0,0,5114.24599999988,5771.32399999986,-657.077999999979
"2015_2016","WPR0661",88.518,20993.5305,-2.29500000000001,0.62899999999999,-2.924,2189.88400000007,2571.12799999997,-381.243999999898
"2015_2016","WPR2202",0,0,0,0,0,0,0,0
"2015_2016","WPR2203",0,0,0,0,0,0,0,0
"2015_2016","WPT0111",0,43105.8235,0,0,0,5735.2310000001,6510.85500000001,-775.623999999912
"2015_2016","WPT1101",0,0,0,0,0,0,0,0
"2015_2016","WPT1102",0,0,0,0,0,0,0,0
"2015_2016","WPW0331",0,116275.3415,0,0,0,12309.4550000007,14126.8140000004,-1817.35899999972
"2015_2016","WPW1101",0,0,0,0,0,0,0,0
"2015_2016","WPW1102",0,0,0,0,0,0,0,0
"2015_2016","WRD0331",0,279372.5825,0,0,0,34167.9950000007,37870.863,-3702.86799999934
"2015_2016","WRD2201",0,0,0,0,0,0,0,0
"2015_2016","WRK0331",41.5945,210958.9505,-0.0550000000000281,0.0589999999999691,-0.113999999999997,23497.6429999995,26052.5820000001,-2554.93900000065
"2015_2016","WRK0331 RKA0",252687.6,0,-30340.955,3088.523,-33429.478,0,0,0
"2015_2016","WRK0331 TAA0",195414.5,0,-22322.946,2474.691,-24797.637,0,0,0
"2015_2016","WRK2201",0,0,0,0,0,0,0,0
"2015_2016","WRK2201 WRK0",1076491.1,0,-120855.23,13686.58,-134541.81,0,0,0
"2015_2016","WTK0111",0,23908.4765,0,0,0,3350.18000000001,3620.61600000011,-270.436000000094
"2015_2016","WTK0111 WTK0",474604.22,0,-74017.492,5482.394,-79499.886,0,0,0
"2015_2016","WTK0331",0,7051.246,0,0,0,1178.43999999997,1242.73299999999,-64.2930000000235
"2015_2016","WTK1101",0,0,0,0,0,0,0,0
"2015_2016","WTK1102",0,0,0,0,0,0,0,0
"2015_2016","WTK2201",0,0,0,0,0,0,0,0
"2015_2016","WTU0331",0,429509.443,0,0,0,49928.8939999986,55360.6520000004,-5431.75800000176
"2015_2016","WTU2201",0,0,0,0,0,0,0,0
"2015_2016","WTU2202",0,0,0,0,0,0,0,0
"2015_2016","WVY0111",0,25044.5005,0,0,0,2569.77299999996,2947.71100000003,-377.938000000076
"2015_2016","WVY1101",0,0,0,0,0,0,0,0
"2015_2016","WWD1102",254566.853,301.042,-24547.842,2623.307,-27171.149,60.4429999999942,64.0019999999966,-3.55900000000238
"2015_2016","WWD1102 WWD0",0,0,0,0,0,0,0,0
"2015_2016","WWD1103",249972.2955,245.986,-24626.114,2730.669,-27356.783,46.875999999997,49.9409999999971,-3.06500000000016
"2015_2016","WWD1103 WWD0",0,0,0,0,0,0,0,0
"2016_2017","ABY0111",13761.2805,12254.576,-6579.119,652.827,-7231.946,5120.99500000002,5507.12400000003,-386.129000000012
"2016_2017","ABY1101",0,0,0,0,0,0,0,0
"2016_2017","ALB0331",0,640923.041,0,0,0,239998.807000001,306841.271,-66842.4639999982
"2016_2017","ALB1101",0,280575.8235,0,0,0,109488.751999998,136969.924999998,-27481.1730000007
"2016_2017","ALB2201",0,0,0,0,0,0,0,0
"2016_2017","APS0111",0,1193.769,0,0,0,807.288000000005,845.032000000004,-37.7439999999989
"2016_2017","APS0661",0,0,0,0,0,0,0,0
"2016_2017","ARA2201",0,0,0,0,0,0,0,0
"2016_2017","ARA2201 ARA0",444702.7445,0,-155812.577,42214.4930000001,-198027.07,0,0,0
"2016_2017","ARG1101",0,80.336,0,0,0,62.9660000000009,65.3640000000008,-2.39799999999991
"2016_2017","ARG1101 BRR0",49096.738,0,-35132.422,1748.082,-36880.504,0,0,0
"2016_2017","ARI1101",0,0,0,0,0,0,0,0
"2016_2017","ARI1101 ARI0",438240.3995,0,-143078.916,56031.063,-199109.979,0,0,0
"2016_2017","ARI1102",0,0,0,0,0,0,0,0
"2016_2017","ARI1102 ARI0",451623.145,0,-168126.601,60226.4470000001,-228353.048,0,0,0
"2016_2017","ASB0331",0,112672.979,0,0,0,67254.9119999997,71387.6909999998,-4132.77900000011
"2016_2017","ASB0661",0,453495.6325,0,0,0,204531.115000004,217874.727000002,-13343.611999998
"2016_2017","ASB0661 HBK0",73115.25,0,-63524.097,2483.162,-66007.259,0,0,0
"2016_2017","ASB2201",0,0,0,0,0,0,0,0
"2016_2017","ASY0111",0,85966.3855,0,0,0,64803.1789999998,67678.4219999996,-2875.24299999977
"2016_2017","ASY0661",0,0,0,0,0,0,0,0
"2016_2017","ATI2201",0,0,0,0,0,0,0,0
"2016_2017","ATI2201 ATI0",369377.094,0,-161357.91,43512.5970000001,-204870.507,0,0,0
"2016_2017","ATU1101",0,1654.577,0,0,0,1028.797,1082.78499999999,-53.9879999999997
"2016_2017","AVI2201",0,0,0,0,0,0,0,0
"2016_2017","AVI2201 AVI0",832192.175,0,-178769.627,179519.167,-358288.794,0,0,0
"2016_2017","BAL0331",0,145851.3735,0,0,0,124045.998000001,134808.171000001,-10762.1730000001
"2016_2017","BAL1101",0,0,0,0,0,0,0,0
"2016_2017","BDE0111",0,56728.0255,0,0,0,47635.7840000001,51341.6190000002,-3705.83500000006
"2016_2017","BDE1101",0,0,0,0,0,0,0,0
"2016_2017","BEN2201",0,0,0,0,0,0,0,0
"2016_2017","BEN2202",0,0,0,0,0,0,0,0
"2016_2017","BEN2202 BEN0",3266667.2505,0,-980981.091,368860.676,-1349841.767,0,0,0
"2016_2017","BEN3502",0,0,0,0,0,0,0,0
"2016_2017","BEN3503",0,0,0,0,0,0,0,0
"2016_2017","BHL2201",0,0,0,0,0,0,0,0
"2016_2017","BHL2202",0,0,0,0,0,0,0,0
"2016_2017","BLN0331",0,378698.211,0,0,0,308135.951000003,322381.156000003,-14245.2050000003
"2016_2017","BLN1101",0,0,0,0,0,0,0,0
"2016_2017","BOB0331",0,55782.7795,0,0,0,20865.8460000002,26459.6540000001,-5593.80799999994
"2016_2017","BOB1101",0,321964.5355,0,0,0,119365.680999999,152435.087999999,-33069.4070000007
"2016_2017","BPC1101",0,0,0,0,0,0,0,0
"2016_2017","BPD1101",0,37938.1095,0,0,0,8298.04100000053,14215.8610000002,-5917.81999999969
"2016_2017","BPE0331",6.296,352448.595,-0.00499999999999999,0.0140000000000003,-0.0190000000000003,129667.513999998,170230.347999999,-40562.834000001
"2016_2017","BPE0331 TWF0",0,0,0,0,0,0,0,0
"2016_2017","BPE0551",0.6455,4475.879,-0.952,0.105,-1.057,1366.83700000002,1682.68900000002,-315.851999999999
"2016_2017","BPE1101",0,0,0,0,0,0,0,0
"2016_2017","BPE2201",0,0,0,0,0,0,0,0
"2016_2017","BPT1101",0,12557.234,0,0,0,3346.83300000016,3935.41300000003,-588.579999999873
"2016_2017","BRB0331",0,407672.2575,0,0,0,143252.297000002,180074.032000001,-36821.734999999
"2016_2017","BRB2201",0,0,0,0,0,0,0,0
"2016_2017","BRK0331",0,123107.067,0,0,0,41006.4219999987,53579.4819999995,-12573.0600000008
"2016_2017","BRK2201",0,0,0,0,0,0,0,0
"2016_2017","BRK2202",0,0,0,0,0,0,0,0
"2016_2017","BRY0661",0.001,650246.1,0,0,0,440451.047000004,461189.323000001,-20738.2759999977
"2016_2017","BRY2201",0,0,0,0,0,0,0,0
"2016_2017","BWK1101",0,21.928,0,0,0,21.7940000000003,22.1090000000003,-0.314999999999973
"2016_2017","BWK1101 WPI0",106732.327,0,-120236.515,9948.54700000003,-130185.062,0,0,0
"2016_2017","CBG0111",0,214282.012,0,0,0,73254.0119999995,92742.434,-19488.4220000005
"2016_2017","CBG1101",0,0,0,0,0,0,0,0
"2016_2017","CBG1102",0,0,0,0,0,0,0,0
"2016_2017","CLH0111",0,1627.1065,0,0,0,964.400000000002,1009.376,-44.9760000000009
"2016_2017","CLH0661",0,0,0,0,0,0,0,0
"2016_2017","CML0331",0,157374.977,0,0,0,92036.8890000008,101896.587000001,-9859.69799999992
"2016_2017","CML1101",0,0,0,0,0,0,0,0
"2016_2017","CML1102",0,0,0,0,0,0,0,0
"2016_2017","CML2201",0,0,0,0,0,0,0,0
"2016_2017","CML2202",0,0,0,0,0,0,0,0
"2016_2017","COL0111",0,1240.672,0,0,0,789.360000000005,825.621000000007,-36.2610000000017
"2016_2017","COL0661",0,0.9065,0,0,0,0.0539999999999452,0.0539999999999452,0
"2016_2017","COL0661 COL0",281994.3905,0,-161634.457,7957.21700000003,-169591.674,0,0,0
"2016_2017","CPK0111",0,102277.9245,0,0,0,34834.4760000001,46324.7119999996,-11490.2359999995
"2016_2017","CPK0331",0,703444.376,0,0,0,237843.812000001,316084.497999999,-78240.6859999982
"2016_2017","CPK1101",0,0,0,0,0,0,0,0
"2016_2017","CPK1102",0,0,0,0,0,0,0,0
"2016_2017","CPK1103",0,0,0,0,0,0,0,0
"2016_2017","CST0331",0,204979.9435,0,0,0,69304.2159999999,87730.7240000004,-18426.5080000005
"2016_2017","CST1101",0,0,0,0,0,0,0,0
"2016_2017","CUL0331",0,79031.963,0,0,0,42004.0009999998,44141.046,-2137.04500000024
"2016_2017","CUL0661",0,27296.859,0,0,0,21799.5910000002,22765.0670000003,-965.476000000003
"2016_2017","CUL2202",0,0,0,0,0,0,0,0
"2016_2017","CUL2203",0,0,0,0,0,0,0,0
"2016_2017","CYD0331",45552.9265,4226.45,-22560.616,2369.187,-24929.803,1338.63100000008,1715.45200000008,-376.820999999999
"2016_2017","CYD2201",0,576.699,0,0,0,397.588000000004,431.589000000014,-34.0010000000097
"2016_2017","CYD2201 CYD0",1978963.245,0,-817828.877,167296.676,-985125.553,0,0,0
"2016_2017","DOB0331",1038.886,12522.383,-352.261,12.061,-364.322,10527.2140000001,11131.8720000001,-604.658000000017
"2016_2017","DOB0661",0,0,0,0,0,0,0,0
"2016_2017","DOB1101",0,0,0,0,0,0,0,0
"2016_2017","DOB1102",0,0,0,0,0,0,0,0
"2016_2017","DRY2201",0,0,0,0,0,0,0,0
"2016_2017","DRY2202",0,0,0,0,0,0,0,0
"2016_2017","DVK0111",0,69533.2795,0,0,0,22635.4870000001,29535.1540000002,-6899.66700000014
"2016_2017","DVK1101",0,0,0,0,0,0,0,0
"2016_2017","DVK1102",0,0,0,0,0,0,0,0
"2016_2017","EDG0331",0,307716.8155,0,0,0,114072.157000002,151423.644000001,-37351.4869999993
"2016_2017","EDG1101",0,0,0,0,0,0,0,0
"2016_2017","EDG1102",0,0,0,0,0,0,0,0
"2016_2017","EDG2201",0,0,0,0,0,0,0,0
"2016_2017","EDN0331",0,146422.4585,0,0,0,80284.4929999995,93194.1749999998,-12909.6820000003
"2016_2017","EDN1101",0,0,0,0,0,0,0,0
"2016_2017","FHL0331",0,268626.396,0,0,0,96596.4690000002,123183.426,-26586.9569999993
"2016_2017","FHL1101",0,0,0,0,0,0,0,0
"2016_2017","FKN0331",0,258041.81,0,0,0,181011.681999998,195844.098999997,-14832.4169999998
"2016_2017","FKN1101",0,0,0,0,0,0,0,0
"2016_2017","FKN1102",0,0,0,0,0,0,0,0
"2016_2017","GFD0331",0,275126.4505,0,0,0,94371.9179999988,125502.079999999,-31130.1620000004
"2016_2017","GFD1101",0,0,0,0,0,0,0,0
"2016_2017","GFD1102",0,0,0,0,0,0,0,0
"2016_2017","GLN0331",0,724461.599,0,0,0,245428.482999997,309063.19,-63634.7070000033
"2016_2017","GLN0332",0,364717.5975,0,0,0,129825.045999999,162395.178,-32570.1320000006
"2016_2017","GLN0332 GLN0",433052,0,-155982.296,39077.213,-195059.509,0,0,0
"2016_2017","GLN2201",0,0,0,0,0,0,0,0
"2016_2017","GNY1101",0,0,0,0,0,0,0,0
"2016_2017","GOR0331",0,148964.252,0,0,0,135377.179000001,146246.517,-10869.3379999999
"2016_2017","GOR1101",0,0,0,0,0,0,0,0
"2016_2017","GOR1102",0,0,0,0,0,0,0,0
"2016_2017","GYM0661",0,58118.9895,0,0,0,46758.2630000001,48914.0629999996,-2155.79999999954
"2016_2017","GYT0331",154.78,49954.323,-38.18,2.408,-40.588,17194.4859999997,22370.9459999996,-5176.45999999991
"2016_2017","GYT1101",0,0,0,0,0,0,0,0
"2016_2017","GYT1102",0,0,0,0,0,0,0,0
"2016_2017","HAM0111",0,119986.6265,0,0,0,44200.5080000002,55721.05,-11520.5419999998
"2016_2017","HAM0331",0,606205.7415,0,0,0,224028.763999999,284167.749000004,-60138.9850000048
"2016_2017","HAM0551",20.115,3978.443,-4.01500000000001,1.058,-5.073,1562.05699999999,1785.33300000001,-223.276000000019
"2016_2017","HAM1101",0,0,0,0,0,0,0,0
"2016_2017","HAM2201",0,0,0,0,0,0,0,0
"2016_2017","HAY0111",0,68374.9335,0,0,0,23670.5499999996,31520.7519999996,-7850.20199999997
"2016_2017","HAY0331",0,63230.985,0,0,0,22308.6830000002,29332.7720000002,-7024.08900000002
"2016_2017","HAY1101",0,0,0,0,0,0,0,0
"2016_2017","HAY2201",0,0,0,0,0,0,0,0
"2016_2017","HAY3502",0,0,0,0,0,0,0,0
"2016_2017","HAY3503",0,0,0,0,0,0,0,0
"2016_2017","HEN0331",0,473272.092,0,0,0,178535.237999998,224520.039999999,-45984.8020000017
"2016_2017","HEN1101",0,0,0,0,0,0,0,0
"2016_2017","HEN2201",0,0,0,0,0,0,0,0
"2016_2017","HEP0331",0,626524.3825,0,0,0,242066.545999999,305241.484,-63174.9380000005
"2016_2017","HEP1101",0,0,0,0,0,0,0,0
"2016_2017","HIN0331",0,207362.2635,0,0,0,72964.7729999991,91475.6280000002,-18510.8550000011
"2016_2017","HIN1101",0,0,0,0,0,0,0,0
"2016_2017","HKK0661",2071.4555,34501.0985,-760.612,15.7319999999999,-776.344,26294.5979999997,27916.6759999996,-1622.07799999988
"2016_2017","HLY0331",0,127914.896,0,0,0,44178.3659999998,56097.5800000005,-11919.2140000006
"2016_2017","HLY2201",0,0,0,0,0,0,0,0
"2016_2017","HLY2201 HLY1",300190.672,0,-224779.877,52783.3840000001,-277563.261,0,0,0
"2016_2017","HLY2201 HLY2",159083.5125,0,-192161.496,12054.3310000001,-204215.827,0,0,0
"2016_2017","HLY2201 HLY5",2728907.8065,0,-1013286.989,264038.829,-1277325.818,0,0,0
"2016_2017","HLY2201 HLY6",44938.5,0,-37735.312,5190.446,-42925.758,0,0,0
"2016_2017","HOB1101",24.5265,227652.7425,-0.0130000000000479,0.835999999999963,-0.849000000000011,81249.7540000001,103098.234,-21848.4800000001
"2016_2017","HOB2201",0,0,0,0,0,0,0,0
"2016_2017","HOR0331",0,66624.83,0,0,0,38381.9089999992,40283.6309999993,-1901.72200000004
"2016_2017","HOR0661",0,103820.8535,0,0,0,54217.3990000003,57035.3260000002,-2817.92699999982
"2016_2017","HPI2201",0,0,0,0,0,0,0,0
"2016_2017","HPI2202",0,0,0,0,0,0,0,0
"2016_2017","HTI0331",0,168577.4265,0,0,0,58510.3410000018,73517.7030000015,-15007.3619999996
"2016_2017","HTI1101",0,0,0,0,0,0,0,0
"2016_2017","HUI0331",0,184987.009,0,0,0,54906.9400000018,70715.8270000014,-15808.8869999996
"2016_2017","HUI1101",0,0,0,0,0,0,0,0
"2016_2017","HWA0331",0,163070.881,0,0,0,51549.5450000007,66313.7570000002,-14764.2119999995
"2016_2017","HWA0332",0,53070.8855,0,0,0,17084.7390000002,21989.1800000003,-4904.44100000017
"2016_2017","HWA1101",0,13.1035,0,0,0,4.08900000000027,4.68900000000027,-0.600000000000001
"2016_2017","HWA1101 PTA1",52572.3965,0,-16722.189,6017.56400000002,-22739.753,0,0,0
"2016_2017","HWA1101 PTA2",38733.486,0,-10375.025,5234.02700000002,-15609.052,0,0,0
"2016_2017","HWA1101 PTA3",26176.595,0,-3861.39399999999,5421.55100000002,-9282.94500000001,0,0,0
"2016_2017","HWA1102",0,557.2725,0,0,0,478.647999999988,551.862999999999,-73.215000000011
"2016_2017","HWA1102 WAA0",49336.5,0,-18674.562,5947.837,-24622.399,0,0,0
"2016_2017","HWA1102 WAA1",49332.5,0,-18667.847,5947.84,-24615.687,0,0,0
"2016_2017","HWB0331",2056.679,238064.61,-266.59,44.818,-311.408,240116.113000002,254112.230000002,-13996.1169999995
"2016_2017","HWB0331 MAH0",0,0,0,0,0,0,0,0
"2016_2017","HWB0331 WPI0",64175.596,0,-77574.935,5072.54800000001,-82647.483,0,0,0
"2016_2017","HWB0332",0,204821.454,0,0,0,204415.742999999,216971.931999999,-12556.1889999994
"2016_2017","HWB1101",0,31850.542,0,0,0,24242.3830000003,26309.8410000001,-2067.45799999986
"2016_2017","HWB2201",0,0,0,0,0,0,0,0
"2016_2017","IGH1101",0,0,0,0,0,0,0,0
"2016_2017","INV0331",0,427819.3655,0,0,0,399538.253,427923.631000002,-28385.3780000025
"2016_2017","INV1101",0,0,0,0,0,0,0,0
"2016_2017","INV2201",0,0,0,0,0,0,0,0
"2016_2017","INV2202",0,0,0,0,0,0,0,0
"2016_2017","ISL0331",0,382723.8655,0,0,0,299238.722999999,312829.510999999,-13590.7880000003
"2016_2017","ISL0661",0,2007390.948,0,0,0,1641260.20700001,1713310.215,-72050.0079999907
"2016_2017","ISL2201",0,0,0,0,0,0,0,0
"2016_2017","KAI0111",0,136619.7855,0,0,0,114885.502,120034.371999999,-5148.86999999946
"2016_2017","KAI0661",0,0,0,0,0,0,0,0
"2016_2017","KAW0111",45620.9765,5.2085,-38445.795,2641.548,-41087.343,8.98799999999946,9.01799999999966,-0.0300000000002001
"2016_2017","KAW0112",0,72217.848,0,0,0,78748.2250000003,80449.2610000005,-1701.03600000015
"2016_2017","KAW0112 DLS0",0,240531.239,0,0,0,277887.14900002,299531.490000013,-21644.3409999928
"2016_2017","KAW0112 ONU0",405321.5085,0,-466788.76,28528.195,-495316.955,0,0,0
"2016_2017","KAW0113",0,22105.457,0,0,0,12998.6599999994,17192.0879999993,-4193.4279999999
"2016_2017","KAW0113 DLS1",0,330925.5095,0,0,0,80896.8489999998,130551.006,-49654.1570000002
"2016_2017","KAW1101",0,238.87,0,0,0,111.975000000001,118.057999999995,-6.0829999999936
"2016_2017","KAW1101 KAG0",844823.2675,0,-925190.333,64421.183,-989611.516,0,0,0
"2016_2017","KAW2201",0,0,0,0,0,0,0,0
"2016_2017","KBT0661",0,0,0,0,0,0,0,0
"2016_2017","KBT0662",0,0,0,0,0,0,0,0
"2016_2017","KBY0661",0,31009.237,0,0,0,14492.441,15298.671,-806.230000000004
"2016_2017","KBY0662",0,32549.5565,0,0,0,15606.1180000001,16445.4640000002,-839.346000000075
"2016_2017","KIK0111",0,12489.8445,0,0,0,8823.22300000004,9260.60800000002,-437.384999999982
"2016_2017","KIK1101",0,0,0,0,0,0,0,0
"2016_2017","KIK2201",0,0,0,0,0,0,0,0
"2016_2017","KIN0111",0,331051.7455,0,0,0,112281.998999999,153336.059,-41054.060000001
"2016_2017","KIN0112",146934.9975,9640.9155,-54696.707,18936.946,-73633.653,1736.68999999988,2598.68199999995,-861.992000000071
"2016_2017","KIN0112 KIN0",0,0,0,0,0,0,0,0
"2016_2017","KIN0113",0,133331.1225,0,0,0,43933.2180000002,62022.9830000002,-18089.7649999999
"2016_2017","KIN0331",0,85846.3565,0,0,0,28685.4839999997,42082.6379999998,-13397.1540000002
"2016_2017","KIN1101",0,0,0,0,0,0,0,0
"2016_2017","KIN1102",0,0,0,0,0,0,0,0
"2016_2017","KMO0331",0,70818.909,0,0,0,28630.0980000003,38188.5820000003,-9558.48400000001
"2016_2017","KMO1101",0,0,0,0,0,0,0,0
"2016_2017","KMO1102",0,0,0,0,0,0,0,0
"2016_2017","KMO1103",0,0,0,0,0,0,0,0
"2016_2017","KMO2201",0,0,0,0,0,0,0,0
"2016_2017","KOE1101",73784.1325,9142.7515,-20542.582,3188.127,-23730.709,5854.25299999986,7267.63299999984,-1413.37999999998
"2016_2017","KPA1101",0,0.054,0,0,0,0.0489999999999782,0.0489999999999782,0
"2016_2017","KPA1101 KPI1",118025.0955,0,-34598.116,10756.999,-45355.115,0,0,0
"2016_2017","KPO1101",0,0,0,0,0,0,0,0
"2016_2017","KPO1101 KPO0",482923.989,0,-166061.39,45234.1990000001,-211295.589,0,0,0
"2016_2017","KPU0661",0,216800.144,0,0,0,80048.0280000012,101004.810000001,-20956.7819999995
"2016_2017","KPU1101",0,0,0,0,0,0,0,0
"2016_2017","KPU1102",0,0,0,0,0,0,0,0
"2016_2017","KUM0661",10654.8485,1789.261,-6285.367,289.498,-6574.865,1596.72899999998,1674.47099999998,-77.7419999999999
"2016_2017","KUM0661 KUM0",24402.034,0,-15870.309,746.184000000001,-16616.493,0,0,0
"2016_2017","KWA0111",0,155394.4975,0,0,0,52448.2789999997,69201.3699999997,-16753.0910000001
"2016_2017","KWA1101",0,0,0,0,0,0,0,0
"2016_2017","KWA1102",0,0,0,0,0,0,0,0
"2016_2017","LFD1101",0,36027.7855,0,0,0,9577.319,15162.9789999999,-5585.65999999988
"2016_2017","LFD1102",0,33926.0665,0,0,0,8352.3089999999,12908.389,-4556.08000000013
"2016_2017","LIV2201",0,0,0,0,0,0,0,0
"2016_2017","LTN0331",8153.0695,133520.241,-1969.899,160.207,-2130.106,53466.0430000003,70509.7300000001,-17043.6869999997
"2016_2017","LTN0331 TWF0",0,0,0,0,0,0,0,0
"2016_2017","LTN2201",0,0,0,0,0,0,0,0
"2016_2017","LTN2202",0,0,0,0,0,0,0,0
"2016_2017","MAN2201",0,7948.661,0,0,0,6582.615,7066.864,-484.249000000003
"2016_2017","MAN2201 MAN0",4737174.1345,0,-2060131.353,407097.413,-2467228.766,0,0,0
"2016_2017","MAT1101",0,32537.8425,0,0,0,41954.8190000001,44433.1410000001,-2478.32199999995
"2016_2017","MAT1101 ANI0",141064.2485,0,-202245.692,10539.124,-212784.816,0,0,0
"2016_2017","MAT1101 MAT0",340603.3525,0,-800572.11,110967.793,-911539.903,0,0,0
"2016_2017","MCH0111",0,11692.967,0,0,0,8128.4470000001,8543.23100000007,-414.783999999975
"2016_2017","MCH1101",0,0,0,0,0,0,0,0
"2016_2017","MDN1101",0,0,0,0,0,0,0,0
"2016_2017","MDN2201",0,0,0,0,0,0,0,0
"2016_2017","MER0331",0,77.5605,0,0,0,116.80099999999,143.569999999997,-26.7690000000064
"2016_2017","MGM0331",0,73367.394,0,0,0,21493.3329999998,27516.2350000001,-6022.90200000028
"2016_2017","MGM1101",0,0,0,0,0,0,0,0
"2016_2017","MHO0331",0,176832.7555,0,0,0,60417.3250000003,78632.6870000002,-18215.3619999999
"2016_2017","MHO0331 MHO0",173702.5,0,-49315.36,15571.003,-64886.363,0,0,0
"2016_2017","MHO1101",0,0,0,0,0,0,0,0
"2016_2017","MHO1102",0,0,0,0,0,0,0,0
"2016_2017","MHT1102",0,0,0,0,0,0,0,0
"2016_2017","MHT1103",0,0,0,0,0,0,0,0
"2016_2017","MKE1101",0,1069.646,0,0,0,234.951999999995,296.334999999998,-61.3830000000037
"2016_2017","MKE1101 MKE1",138365.4655,0,-77660.776,19862.917,-97523.693,0,0,0
"2016_2017","MKT1101",0,0,0,0,0,0,0,0
"2016_2017","MLG0111",0,113869.5345,0,0,0,39170.5540000008,51552.1690000005,-12381.6149999997
"2016_2017","MLG0331",0,137464.4775,0,0,0,46391.7370000007,61518.7300000004,-15126.9929999997
"2016_2017","MLG1101",0,0,0,0,0,0,0,0
"2016_2017","MLG1102",0,0,0,0,0,0,0,0
"2016_2017","MNG0331",0,553404.5215,0,0,0,205491.934,258776.47,-53284.5360000003
"2016_2017","MNG1101",0,52704.644,0,0,0,19666.0080000001,24870.1340000001,-5204.12600000002
"2016_2017","MNI0111",0,50520.4265,0,0,0,15168.2430000003,18639.8660000001,-3471.62299999982
"2016_2017","MNI1101",0,0,0,0,0,0,0,0
"2016_2017","MPE1101",0,590235.4525,0,0,0,219833.189999998,278085.521999998,-58252.3319999999
"2016_2017","MST0331",0,220900.9775,0,0,0,75807.6170000006,99563.5060000003,-23755.8889999998
"2016_2017","MST1101",0,0,0,0,0,0,0,0
"2016_2017","MTI2201",0,0,0,0,0,0,0,0
"2016_2017","MTI2201 MTI0",1078502.9875,0,-395387.367,125273.512,-520660.879,0,0,0
"2016_2017","MTM0331",0,304275.821,0,0,0,123470.542,165346.209999999,-41875.6679999999
"2016_2017","MTM1101",0,0,0,0,0,0,0,0
"2016_2017","MTN0331",0,86033.416,0,0,0,27972.8719999998,36323.0179999999,-8350.14600000011
"2016_2017","MTN1101",0,0,0,0,0,0,0,0
"2016_2017","MTN1102",0,0,0,0,0,0,0,0
"2016_2017","MTO0331",0,93948.82,0,0,0,34537.5259999994,43253.6989999999,-8716.17300000046
"2016_2017","MTO1101",0,0,0,0,0,0,0,0
"2016_2017","MTO1102",0,0,0,0,0,0,0,0
"2016_2017","MTR0331",0,33320.55,0,0,0,11589.2390000002,15066.4850000001,-3477.24599999991
"2016_2017","MTR1101",0,0,0,0,0,0,0,0
"2016_2017","MVE1101",0,0,0,0,0,0,0,0
"2016_2017","MVE1102",0,0,0,0,0,0,0,0
"2016_2017","NAP2201",0,62.6555,0,0,0,27.8459999999991,28.0040000000007,-0.158000000001607
"2016_2017","NAP2201 NAP0",1175129.9995,0,-378961.371,93104.804,-472066.175,0,0,0
"2016_2017","NAP2202",0,4.6545,0,0,0,2.86799999999994,2.91000000000025,-0.0420000000003142
"2016_2017","NAP2202 NTM0",712451.5,0,-232453.11,57918.575,-290371.685,0,0,0
"2016_2017","NGA1101",0,0,0,0,0,0,0,0
"2016_2017","NMA0331",39710.2525,122161.484,-16666.788,3136.4,-19803.188,114073.834000001,120734.601000002,-6660.76700000018
"2016_2017","NMA0331 WHL0",0,0,0,0,0,0,0,0
"2016_2017","NMA2201",0,0,0,0,0,0,0,0
"2016_2017","NPK0331",0,17605.438,0,0,0,6612.10000000001,8179.51800000004,-1567.41800000004
"2016_2017","NPK1101",0,0,0,0,0,0,0,0
"2016_2017","NPL0331",0,85032.5435,0,0,0,28245.9220000002,36326.1820000002,-8080.25999999998
"2016_2017","NPL1101",0,0,0,0,0,0,0,0
"2016_2017","NPL2201",0,0,0,0,0,0,0,0
"2016_2017","NSY0331",0,213064.616,0,0,0,261889.097,264186.515,-2297.41799999984
"2016_2017","NSY0331 PAE0",62912.46,0,-77133.78,797.689000000001,-77931.469,0,0,0
"2016_2017","NSY2201",0,0,0,0,0,0,0,0
"2016_2017","OAM0331",0,187653.54,0,0,0,52525.803,88211.3579999999,-35685.5549999999
"2016_2017","OAM1101",0,0,0,0,0,0,0,0
"2016_2017","OAM1102",0,0,0,0,0,0,0,0
"2016_2017","OHA2201",0,0,0,0,0,0,0,0
"2016_2017","OHA2201 OHA0",891083.663,0,-374783.042,74276.4870000001,-449059.529,0,0,0
"2016_2017","OHB2201",0,0,0,0,0,0,0,0
"2016_2017","OHB2201 OHB0",799642.3185,0,-301215.439,60999.435,-362214.874,0,0,0
"2016_2017","OHC2201",0,0,0,0,0,0,0,0
"2016_2017","OHC2201 OHC0",790998.28,0,-279812.815,73371.169,-353183.984,0,0,0
"2016_2017","OHK2201",0,0,0,0,0,0,0,0
"2016_2017","OHK2201 OHK0",475920.295,0,-210630.206,55614.2880000002,-266244.494,0,0,0
"2016_2017","OHW2201",0,0,0,0,0,0,0,0
"2016_2017","OHW2202",0,0,0,0,0,0,0,0
"2016_2017","OKE1101",0,0,0,0,0,0,0,0
"2016_2017","OKI2201",0,0,0,0,0,0,0,0
"2016_2017","OKI2201 OKI0",334428.5,0,-108799.77,27689.344,-136489.114,0,0,0
"2016_2017","OKN0111",0,26892.466,0,0,0,9820.48699999998,12278.2510000001,-2457.76400000011
"2016_2017","OKN1101",0,0,0,0,0,0,0,0
"2016_2017","ONG0331",4857.037,10929.3315,-1453.27,310.012,-1763.282,3950.816,4627.15600000004,-676.340000000037
"2016_2017","ONG1101",0,0,0,0,0,0,0,0
"2016_2017","OPI2201",0,0,0,0,0,0,0,0
"2016_2017","OPI2202",0,0,0,0,0,0,0,0
"2016_2017","OPK0331",0,47362.687,0,0,0,14092.6099999998,17737.421,-3644.81100000023
"2016_2017","OPK1101",0,0,0,0,0,0,0,0
"2016_2017","OPK1102",0,0,0,0,0,0,0,0
"2016_2017","ORO1101",0,25092.0835,0,0,0,20446.4049999999,21315.0449999998,-868.63999999996
"2016_2017","ORO1102",0,24100.92,0,0,0,20623.9319999998,21562.2409999999,-938.309000000041
"2016_2017","OTA0221",0,300219.612,0,0,0,112431.914000002,141799.570000001,-29367.6559999994
"2016_2017","OTA1103",0,0,0,0,0,0,0,0
"2016_2017","OTA1104",0,0,0,0,0,0,0,0
"2016_2017","OTA1105",0,0,0,0,0,0,0,0
"2016_2017","OTA1106",0,0,0,0,0,0,0,0
"2016_2017","OTA1107",0,0,0,0,0,0,0,0
"2016_2017","OTA1108",0,0,0,0,0,0,0,0
"2016_2017","OTA1109",0,0,0,0,0,0,0,0
"2016_2017","OTA110A",0,0,0,0,0,0,0,0
"2016_2017","OTA2201",0,0,0,0,0,0,0,0
"2016_2017","OTA2202",0,0,0,0,0,0,0,0
"2016_2017","OTA2203",0,0,0,0,0,0,0,0
"2016_2017","OTI0111",0,1369.059,0,0,0,978.443999999981,1024.89199999998,-46.4480000000022
"2016_2017","OTI0661",0,0,0,0,0,0,0,0
"2016_2017","OWH0111",0,54502.5565,0,0,0,21437.534,35279.5100000001,-13841.976
"2016_2017","OWH1101",0,0,0,0,0,0,0,0
"2016_2017","PAK0331",0,621464.817,0,0,0,234565.097,296871.730000001,-62306.6330000011
"2016_2017","PAK2201",0,0,0,0,0,0,0,0
"2016_2017","PAO1101",0,188025.4335,0,0,0,64910.7779999987,81646.3449999994,-16735.5670000007
"2016_2017","PEN0221",0,254590.2405,0,0,0,96438.0579999995,121917.011999999,-25478.9539999998
"2016_2017","PEN0222",0,0,0,0,0,0,0,0
"2016_2017","PEN0251",0.0235,16638.3435,-0.004,0.000999999999999997,-0.005,7078.84000000024,8591.83000000007,-1512.98999999984
"2016_2017","PEN0331",0,1262155.8435,0,0,0,472650.696999998,597356.154,-124705.457000001
"2016_2017","PEN1101",0,773150.7645,0,0,0,281671.305999999,356245.764999999,-74574.4590000001
"2016_2017","PEN2201",0,0,0,0,0,0,0,0
"2016_2017","PIE1101",0,0,0,0,0,0,0,0
"2016_2017","PNI0331",0,68862.1025,0,0,0,23690.137,31639.2640000001,-7949.12700000015
"2016_2017","PNI1101",0,0,0,0,0,0,0,0
"2016_2017","PNI1102",0,0,0,0,0,0,0,0
"2016_2017","PPI2201",0,63.186,0,0,0,15.6409999999977,28.0809999999993,-12.4400000000016
"2016_2017","PPI2201 PPI0",405467.505,0,-132752.88,31786.113,-164538.993,0,0,0
"2016_2017","PRM0331",0,264792.324,0,0,0,89341.9090000013,118003.846000001,-28661.9369999999
"2016_2017","PRM2201",0,0,0,0,0,0,0,0
"2016_2017","PRM2202",0,0,0,0,0,0,0,0
"2016_2017","PRT2201",0,0,0,0,0,0,0,0
"2016_2017","PRT2202",0,0,0,0,0,0,0,0
"2016_2017","RDF0331",0,265246.0345,0,0,0,94383.7620000005,119665.529,-25281.7669999995
"2016_2017","RDF1101",0,0,0,0,0,0,0,0
"2016_2017","RDF1102",0,0,0,0,0,0,0,0
"2016_2017","RDF2201",0,0,0,0,0,0,0,0
"2016_2017","RFC1101",0,0,0,0,0,0,0,0
"2016_2017","RFN1101",0,11088.513,0,0,0,7534.66300000001,7887.383,-352.719999999998
"2016_2017","RFN1102",0,10268.8725,0,0,0,7312.8,7674.53800000003,-361.738000000027
"2016_2017","ROS0221",0,443062.0155,0,0,0,170083.894000001,215334.082,-45250.1879999987
"2016_2017","ROS1101",0,246100.561,0,0,0,96359.0010000014,121760.421000001,-25401.4199999994
"2016_2017","ROT0111",0,109719.7355,0,0,0,44470.7829999996,61038.8629999997,-16568.0800000001
"2016_2017","ROT0331",0,241495.5925,0,0,0,92365.2699999999,130221.035000001,-37855.7650000007
"2016_2017","ROT1101",0,0.473,0,0,0,0.154999999999982,0.183000000000005,-0.0280000000000236
"2016_2017","ROT1101 WHE0",153383.986,0,-57906.539,25759.044,-83665.583,0,0,0
"2016_2017","ROT1102",0,0,0,0,0,0,0,0
"2016_2017","ROX1101",0,0,0,0,0,0,0,0
"2016_2017","ROX1101 ROX0",426752.5805,0,-261230.084,29710.034,-290940.118,0,0,0
"2016_2017","ROX2201",0,0,0,0,0,0,0,0
"2016_2017","ROX2201 ROX0",1124144.9095,0,-574878.466,88104.549,-662983.015,0,0,0
"2016_2017","RPO2201",0,0,0,0,0,0,0,0
"2016_2017","RPO2201 RPO0",676640.997,0,-210663.997,62334.921,-272998.918,0,0,0
"2016_2017","RTO1101",0,0,0,0,0,0,0,0
"2016_2017","RTR1101",0,0,0,0,0,0,0,0
"2016_2017","SBK0331",0,124018.0635,0,0,0,105786.761,110474.386000001,-4687.62500000026
"2016_2017","SBK0661",0,108049.4545,0,0,0,67245.211999999,70432.2619999991,-3187.05000000011
"2016_2017","SDN0331",0,305690.652,0,0,0,284462.877999999,303991.247,-19528.3690000008
"2016_2017","SDN2201",0,0,0,0,0,0,0,0
"2016_2017","SFD0331",0,128162.858,0,0,0,39558.5349999997,50805.4719999995,-11246.9369999998
"2016_2017","SFD1101",0,0,0,0,0,0,0,0
"2016_2017","SFD2201",0,3265.828,0,0,0,863.778000000081,926.03300000005,-62.2549999999692
"2016_2017","SFD2201 SFD21",295761.05,0,-166225.8,40250.5760000001,-206476.376,0,0,0
"2016_2017","SFD2201 SFD22",178562.8475,0,-107623.766,29583.4020000001,-137207.168,0,0,0
"2016_2017","SFD2201 SPL0",1012274.1155,0,-378434.792,196648.556,-575083.348,0,0,0
"2016_2017","STK0331",0,631186.6585,0,0,0,512723.227000002,536302.7,-23579.4729999974
"2016_2017","STK0661",0,134444.388,0,0,0,107615.306,112661.17,-5045.86400000047
"2016_2017","STK0661 COB0",229925.341,0,-169577.591,7723.34700000002,-177300.938,0,0,0
"2016_2017","STK1101",0,0,0,0,0,0,0,0
"2016_2017","STK2201",0,0,0,0,0,0,0,0
"2016_2017","STU0111",0,58103.0215,0,0,0,16379.9410000002,26454.5490000001,-10074.6079999998
"2016_2017","STU1101",0,0,0,0,0,0,0,0
"2016_2017","SVL0331",0,328675.9515,0,0,0,124677.744000001,157794.987000001,-33117.2430000002
"2016_2017","SVL2201",0,0,0,0,0,0,0,0
"2016_2017","SVL2202",0,0,0,0,0,0,0,0
"2016_2017","SWN0251",0,16866.0605,0,0,0,6242.93699999996,8551.34599999996,-2308.409
"2016_2017","SWN2201",0,835.64,0,0,0,280.803000000002,354.010000000001,-73.2069999999987
"2016_2017","TAK0331",0,483640.0365,0,0,0,180774.530999997,228943.836999999,-48169.3060000023
"2016_2017","TAK2201",0,0,0,0,0,0,0,0
"2016_2017","TAK2202",0,0,0,0,0,0,0,0
"2016_2017","TGA0111",0,133800.851,0,0,0,54421.1149999997,73489.8359999999,-19068.7210000002
"2016_2017","TGA0331",0,392805.3705,0,0,0,159262.057999997,214442.713,-55180.6550000029
"2016_2017","TGA0331 KMI0",167783.8015,0,-71590.555,26174.182,-97764.737,0,0,0
"2016_2017","TGA1101",0,0,0,0,0,0,0,0
"2016_2017","THI2201",0,1198.623,0,0,0,436.225000000003,458.335000000002,-22.1099999999985
"2016_2017","THI2201 THI1",593991.255,0,-193709.13,53038.654,-246747.784,0,0,0
"2016_2017","THI2201 THI2",592395.01,0,-192157.816,53414.973,-245572.789,0,0,0
"2016_2017","TIM0111",0,355619.851,0,0,0,189182.181999998,205494.032999999,-16311.8510000006
"2016_2017","TIM1101",0,0,0,0,0,0,0,0
"2016_2017","TIM2201",0,0,0,0,0,0,0,0
"2016_2017","TIM2202",0,0,0,0,0,0,0,0
"2016_2017","TKA0111",0,0,0,0,0,0,0,0
"2016_2017","TKA0111 TKA1",142468.336,0,-66325.286,6187.304,-72512.59,0,0,0
"2016_2017","TKA0331",0,19759.7095,0,0,0,9715.38799999998,10519.446,-804.058000000019
"2016_2017","TKA1101",0,0,0,0,0,0,0,0
"2016_2017","TKB2201",0,0,0,0,0,0,0,0
"2016_2017","TKB2201 TKB1",838332.083,0,-347175.433,47254.627,-394430.06,0,0,0
"2016_2017","TKH0111",0,5782.734,0,0,0,6374.48999999999,6842.665,-468.17500000001
"2016_2017","TKH0501",0,0,0,0,0,0,0,0
"2016_2017","TKR0331",0,400774.7135,0,0,0,135924.55,180744.968000001,-44820.4180000012
"2016_2017","TKR1101",0,0,0,0,0,0,0,0
"2016_2017","TKU0331",13.5025,35385.0015,-20.776,0.325000000000002,-21.101,12132.7590000002,15293.933,-3161.17399999979
"2016_2017","TKU2201",0,0,0,0,0,0,0,0
"2016_2017","TKU2201 TKU0",873898.3885,0,-283423.145,100550.156,-383973.301,0,0,0
"2016_2017","TMH2201",0,0,0,0,0,0,0,0
"2016_2017","TMI0331",0,158437.0255,0,0,0,66070.509,93007.7490000001,-26937.2400000001
"2016_2017","TMI1101",0,0,0,0,0,0,0,0
"2016_2017","TMK0331",0,273444.4455,0,0,0,110554.974,120961.835999999,-10406.8619999999
"2016_2017","TMK1101",0,0,0,0,0,0,0,0
"2016_2017","TMK1102",0,0,0,0,0,0,0,0
"2016_2017","TMN0551",293.649,4970.26,-63.922,29.242,-93.164,1788.534,2108.68499999999,-320.150999999992
"2016_2017","TMN2201",0,0,0,0,0,0,0,0
"2016_2017","TMU0111",0,183921.9585,0,0,0,64747.2609999997,81912.1579999995,-17164.8969999998
"2016_2017","TMU1101",0,0,0,0,0,0,0,0
"2016_2017","TNG0111",0,241333.691,0,0,0,74815.9169999998,94317.6400000001,-19501.7230000003
"2016_2017","TNG0551",79.0215,5307.6495,-25.624,8.444,-34.068,1734.942,2194.76800000002,-459.82600000002
"2016_2017","TNG2201",0,0,0,0,0,0,0,0
"2016_2017","TRK0111",0,34654.513,0,0,0,13293.351,18440.233,-5146.88200000007
"2016_2017","TRK1101",0,0,0,0,0,0,0,0
"2016_2017","TRK1102",0,0,0,0,0,0,0,0
"2016_2017","TRK2201",0,0,0,0,0,0,0,0
"2016_2017","TUI1101",0,282667.5435,0,0,0,94641.6849999997,119407.804,-24766.1190000003
"2016_2017","TUI1101 KTW0",125614.6415,0,-46498.77,15107.654,-61606.424,0,0,0
"2016_2017","TUI1101 PRI0",176202.6935,0,-64329.8939999999,18643.8870000001,-82973.781,0,0,0
"2016_2017","TUI1101 TUI0",253900.22,0,-91530.673,27470.8850000001,-119001.558,0,0,0
"2016_2017","TWC2201",461416.9505,346.2355,-122130.701,30197.614,-152328.315,142.407000000013,180.209000000009,-37.8019999999967
"2016_2017","TWC2201 NZW0",0,0,0,0,0,0,0,0
"2016_2017","TWC2201 TWF0",0,0,0,0,0,0,0,0
"2016_2017","TWH0331",8719.8175,294787.0185,-2284.18,256.593,-2540.773,114345.941999997,142324.794999999,-27978.8530000016
"2016_2017","TWH0331 TRC1",316196,0,-113275.607,19662.058,-132937.665,0,0,0
"2016_2017","TWH0331 TUK0",0,0,0,0,0,0,0,0
"2016_2017","TWH2201",0,0,0,0,0,0,0,0
"2016_2017","TWI2201",0,5016641.283,0,0,0,4029147.61000002,4354178.05700001,-325030.446999983
"2016_2017","TWT2201",0,0,0,0,0,0,0,0
"2016_2017","TWZ0331",0,32656.86,0,0,0,12047.514,14004.309,-1956.79499999998
"2016_2017","TWZ2201",0,0,0,0,0,0,0,0
"2016_2017","TWZ2202",0,0,0,0,0,0,0,0
"2016_2017","UHT0331",0,127929.94,0,0,0,43855.713,57943.6519999998,-14087.9389999998
"2016_2017","UHT1101",0,0,0,0,0,0,0,0
"2016_2017","WAI0111",0,49690.218,0,0,0,53932.7449999998,58574.2019999999,-4641.45700000016
"2016_2017","WAI0501",0,0,0,0,0,0,0,0
"2016_2017","WAI1101",0,0,0,0,0,0,0,0
"2016_2017","WDV0111",0,13132.489,0,0,0,4239.25200000009,5536.16000000008,-1296.90799999999
"2016_2017","WDV1101",196200.3555,484.45,-53418.984,11008.966,-64427.95,193.910000000001,263.835999999996,-69.9259999999948
"2016_2017","WDV1101 TAP0",0,0,0,0,0,0,0,0
"2016_2017","WDV1102",0,0,0,0,0,0,0,0
"2016_2017","WEL0331",0,160063.817,0,0,0,61206.2640000006,77519.8500000002,-16313.5859999996
"2016_2017","WEL1101",0,0,0,0,0,0,0,0
"2016_2017","WEL1102",0,0,0,0,0,0,0,0
"2016_2017","WGN0331",0,142095.768,0,0,0,47961.0800000003,61726.9980000001,-13765.9179999998
"2016_2017","WGN1101",0,0,0,0,0,0,0,0
"2016_2017","WHI0111",0,505153.004,0,0,0,154535.854,194205.066000001,-39669.2120000011
"2016_2017","WHI2201",0,1332.22,0,0,0,466.557000000013,584.710000000013,-118.153
"2016_2017","WHI2201 WHI0",990.8735,0,-1097.61200000002,300.264000000003,-1397.87600000002,0,0,0
"2016_2017","WHU0331",0,161116.2075,0,0,0,52671.9489999993,67355.7719999996,-14683.8230000003
"2016_2017","WHU1101",0,0,0,0,0,0,0,0
"2016_2017","WIL0331",97340.887,76009.3005,-25473.508,7514.333,-32987.841,35606.633,42566.4099999998,-6959.77699999983
"2016_2017","WIL0331 MCK0",0,0,0,0,0,0,0,0
"2016_2017","WIL1101",0,0,0,0,0,0,0,0
"2016_2017","WIL2201",0,0,0,0,0,0,0,0
"2016_2017","WIR0331",0,473412.5145,0,0,0,178159.322999999,224830.999999999,-46671.6769999999
"2016_2017","WIR1101",0,0,0,0,0,0,0,0
"2016_2017","WIR1102",0,0,0,0,0,0,0,0
"2016_2017","WKM2201",0,48595.9045,0,0,0,15082.0430000001,18694.636,-3612.59299999994
"2016_2017","WKM2201 MOK0",860941.03,0,-283960.61,67064.208,-351024.818,0,0,0
"2016_2017","WKM2201 WKM0",539536.166,0,-204805.397,51360.7600000001,-256166.157,0,0,0
"2016_2017","WKM2202",0,0,0,0,0,0,0,0
"2016_2017","WKO0331",0,175877.6865,0,0,0,64045.8740000009,81173.4830000004,-17127.6089999995
"2016_2017","WKO1101",0,0,0,0,0,0,0,0
"2016_2017","WMG1101",0,0,0,0,0,0,0,0
"2016_2017","WMG1102",0,0,0,0,0,0,0,0
"2016_2017","WPA2201",0,0,0,0,0,0,0,0
"2016_2017","WPA2201 WPA0",275506.8555,0,-96196.916,31057.581,-127254.497,0,0,0
"2016_2017","WPR0331",0,39126.567,0,0,0,27749.2509999999,29077.492,-1328.24100000004
"2016_2017","WPR0661",21.236,19938.701,-10.824,0.896000000000003,-11.72,10647.441,11218.324,-570.882999999988
"2016_2017","WPR2202",0,0,0,0,0,0,0,0
"2016_2017","WPR2203",0,0,0,0,0,0,0,0
"2016_2017","WPT1101",0,0,0,0,0,0,0,0
"2016_2017","WPT1102",0,0,0,0,0,0,0,0
"2016_2017","WPW0331",0,114354.3245,0,0,0,38829.5939999994,49082.5579999996,-10252.9640000002
"2016_2017","WPW1101",0,0,0,0,0,0,0,0
"2016_2017","WPW1102",0,0,0,0,0,0,0,0
"2016_2017","WRD0331",0,284097.1115,0,0,0,105973.720000001,136893.988000001,-30920.2679999992
"2016_2017","WRD2201",0,0,0,0,0,0,0,0
"2016_2017","WRK0331",0,212976.935,0,0,0,74001.1799999995,92659.6429999996,-18658.4630000001
"2016_2017","WRK0331 RKA0",253520.05,0,-84019.114,19647.709,-103666.823,0,0,0
"2016_2017","WRK0331 TAA0",187285.5,0,-61177.53,15387.468,-76564.998,0,0,0
"2016_2017","WRK2201",0,0,0,0,0,0,0,0
"2016_2017","WRK2201 WRK0",1121714.495,0,-356728.351,85946.354,-442674.705,0,0,0
"2016_2017","WTK0111",0,27641.411,0,0,0,6798.99099999981,10053.8099999999,-3254.81900000012
"2016_2017","WTK0111 WTK0",543265.2245,0,-154607.252,99852.875,-254460.127,0,0,0
"2016_2017","WTK0331",0,76.723,0,0,0,100.683999999996,104.616999999996,-3.93299999999999
"2016_2017","WTK1101",0,0,0,0,0,0,0,0
"2016_2017","WTK1102",0,0,0,0,0,0,0,0
"2016_2017","WTK2201",0,0,0,0,0,0,0,0
"2016_2017","WTU0331",0,433250.772,0,0,0,156183.01,198150.086000001,-41967.0760000012
"2016_2017","WTU2201",0,0,0,0,0,0,0,0
"2016_2017","WTU2202",0,0,0,0,0,0,0,0
"2016_2017","WVY0111",0,24550.0995,0,0,0,7713.40499999991,9869.74100000001,-2156.3360000001
"2016_2017","WVY1101",0,0,0,0,0,0,0,0
"2016_2017","WWD1102",246251.4005,408.5095,-68946.728,24564.154,-93510.882,223.635000000002,242.655999999996,-19.0209999999937
"2016_2017","WWD1102 WWD0",0,0,0,0,0,0,0,0
"2016_2017","WWD1103",268751.923,314.915,-68179.139,27365.743,-95544.882,161.652999999992,177.293999999993,-15.6410000000007
"2016_2017","WWD1103 WWD0",0,0,0,0,0,0,0,0
"2017_2018","ABY0111",23169.4625,7490.444,-28816.986,678.469,-29495.455,22946.93,23262.1320000001,-315.202000000052
"2017_2018","ABY1101",0,0,0,0,0,0,0,0
"2017_2018","ALB0331",0,631041.898,0,0,0,520603.727000003,730425.279000002,-209821.551999999
"2017_2018","ALB1101",0,288171.3845,0,0,0,245009.023,329568.671,-84559.6479999999
"2017_2018","ALB2201",0,0,0,0,0,0,0,0
"2017_2018","APS0111",0,1150.7435,0,0,0,2308.89299999999,2347.88099999999,-38.9879999999987
"2017_2018","APS0661",0,0,0,0,0,0,0,0
"2017_2018","ARA2201",0,0,0,0,0,0,0,0
"2017_2018","ARA2201 ARA0",394869.559,0,-297377.205,119815.354,-417192.559,0,0,0
"2017_2018","ARG1101",0,97.8835,0,0,0,160.487000000001,164.533,-4.04599999999999
"2017_2018","ARG1101 BRR0",46683.7105,0,-148773.163,1382.598,-150155.761,0,0,0
"2017_2018","ARI1101",0,0,0,0,0,0,0,0
"2017_2018","ARI1101 ARI0",382900.8805,0,-289473.694,121789.427,-411263.121,0,0,0
"2017_2018","ARI1102",0,0,0,0,0,0,0,0
"2017_2018","ARI1102 ARI0",585549.7175,0,-401278.04,200704.792,-601982.832,0,0,0
"2017_2018","ASB0331",0,92010.957,0,0,0,186509.157000001,189716.071,-3206.91399999994
"2017_2018","ASB0661",0,473116.1835,0,0,0,1241234.409,1262305.263,-21070.8539999993
"2017_2018","ASB0661 HBK0",139458.7435,0,-143954.287,3527.703,-147481.99,0,0,0
"2017_2018","ASB2201",0,0,0,0,0,0,0,0
"2017_2018","ASY0111",0,88643.795,0,0,0,205918.714,208905.961,-2987.24699999989
"2017_2018","ASY0661",0,0,0,0,0,0,0,0
"2017_2018","ATI2201",0,0,0,0,0,0,0,0
"2017_2018","ATI2201 ATI0",374960.833,0,-303793.27,144053.806,-447847.076,0,0,0
"2017_2018","ATU1101",0,1768.7335,0,0,0,5831.05600000001,5896.37400000001,-65.3180000000019
"2017_2018","AVI2201",0,0,0,0,0,0,0,0
"2017_2018","AVI2201 AVI0",752443.907,0,-19458.924,786592.775,-806051.699,0,0,0
"2017_2018","BAL0331",0,150264.2155,0,0,0,456157.948,461389.418000001,-5231.4700000004
"2017_2018","BAL1101",0,0,0,0,0,0,0,0
"2017_2018","BDE0111",0,59899.3595,0,0,0,155069.288,157260.751,-2191.46299999995
"2017_2018","BDE1101",0,0,0,0,0,0,0,0
"2017_2018","BEN2201",0,0,0,0,0,0,0,0
"2017_2018","BEN2202",0,0,0,0,0,0,0,0
"2017_2018","BEN2202 BEN0",2756737.8965,0,-1962685.751,1183768.581,-3146454.332,0,0,0
"2017_2018","BEN3502",0,0,0,0,0,0,0,0
"2017_2018","BEN3503",0,0,0,0,0,0,0,0
"2017_2018","BHL2201",0,0,0,0,0,0,0,0
"2017_2018","BHL2202",0,0,0,0,0,0,0,0
"2017_2018","BLN0331",0,386714.544,0,0,0,1122747.957,1137040.265,-14292.3079999998
"2017_2018","BLN1101",0,0,0,0,0,0,0,0
"2017_2018","BOB0331",0,58291.883,0,0,0,49090.3779999999,65860.7670000001,-16770.3890000001
"2017_2018","BOB1101",0,338287.5785,0,0,0,278077.541,386637.220000001,-108559.679000001
"2017_2018","BPC1101",0,0,0,0,0,0,0,0
"2017_2018","BPD1101",0,44681.631,0,0,0,275160.696,280225.706,-5065.00999999997
"2017_2018","BPE0331",0.2085,372547.1325,-0.0830000000000002,0,-0.0830000000000002,302265.581,426819.593,-124554.012
"2017_2018","BPE0331 TWF0",0,0,0,0,0,0,0,0
"2017_2018","BPE0551",1.0065,2930.947,-0.211000000000002,0.019,-0.230000000000001,2254.49399999999,3126.76099999999,-872.267000000005
"2017_2018","BPE1101",0,0,0,0,0,0,0,0
"2017_2018","BPE2201",0,0,0,0,0,0,0,0
"2017_2018","BPT1101",0,23604.866,0,0,0,333092.095,334577.713,-1485.61799999997
"2017_2018","BRB0331",0,385353.498,0,0,0,299911.564000001,406824.676000001,-106913.112
"2017_2018","BRB2201",0,0,0,0,0,0,0,0
"2017_2018","BRK0331",0,124104.8085,0,0,0,90996.9390000002,129671.064,-38674.125
"2017_2018","BRK2201",0,0,0,0,0,0,0,0
"2017_2018","BRK2202",0,0,0,0,0,0,0,0
"2017_2018","BRY0661",0,653324.612,0,0,0,1456218.284,1477868.385,-21650.1010000004
"2017_2018","BRY2201",0,0,0,0,0,0,0,0
"2017_2018","BWK1101",0,4.3215,0,0,0,9.4799999999999,9.55299999999985,-0.0729999999999489
"2017_2018","BWK1101 WPI0",124351.8935,0,-517371.283,5650.77700000007,-523022.06,0,0,0
"2017_2018","CBG0111",0,219034.6955,0,0,0,169298.134,230779.614,-61481.4799999995
"2017_2018","CBG1101",0,0,0,0,0,0,0,0
"2017_2018","CBG1102",0,0,0,0,0,0,0,0
"2017_2018","CLH0111",0,1657.3555,0,0,0,3469.57499999997,3531.36699999998,-61.7920000000092
"2017_2018","CLH0661",0,0,0,0,0,0,0,0
"2017_2018","CML0331",0,171756.881,0,0,0,414021.884999999,420891.235999999,-6869.35099999949
"2017_2018","CML1101",0,0,0,0,0,0,0,0
"2017_2018","CML1102",0,0,0,0,0,0,0,0
"2017_2018","CML2201",0,0,0,0,0,0,0,0
"2017_2018","CML2202",0,0,0,0,0,0,0,0
"2017_2018","COL0111",0,1209.7435,0,0,0,2466.414,2505.349,-38.9350000000039
"2017_2018","COL0661",0,0,0,0,0,0,0,0
"2017_2018","COL0661 COL0",290851.173,0,-669858.463,8922.84400000002,-678781.307,0,0,0
"2017_2018","CPK0111",0,98857.243,0,0,0,70007.7200000008,106034.765,-36027.0449999996
"2017_2018","CPK0331",0,695548.498,0,0,0,478851.172999998,729044.243999999,-250193.071000002
"2017_2018","CPK1101",0,0,0,0,0,0,0,0
"2017_2018","CPK1102",0,0,0,0,0,0,0,0
"2017_2018","CPK1103",0,0,0,0,0,0,0,0
"2017_2018","CST0331",0,202241.733,0,0,0,142107.053,206517.597,-64410.5440000006
"2017_2018","CST1101",0,0,0,0,0,0,0,0
"2017_2018","CUL0331",0,64892.806,0,0,0,221994.826000001,224467.719,-2472.89299999988
"2017_2018","CUL0661",0,30899.6245,0,0,0,90119.6470000004,91223.7710000003,-1104.12399999991
"2017_2018","CUL2202",0,0,0,0,0,0,0,0
"2017_2018","CUL2203",0,0,0,0,0,0,0,0
"2017_2018","CYD0331",30106.8665,7754.0395,-35602.085,1023.806,-36625.891,41713.8620000001,42080.8450000001,-366.98299999996
"2017_2018","CYD2201",0,659.942,0,0,0,1122.56000000002,1155.52700000003,-32.9670000000115
"2017_2018","CYD2201 CYD0",1888981.681,0,-3189270.705,72897.1510000001,-3262167.856,0,0,0
"2017_2018","DOB0331",1250.365,9642.317,-717.62,19.692,-737.312,35079.857,35492.599,-412.74200000001
"2017_2018","DOB0661",0,0,0,0,0,0,0,0
"2017_2018","DOB1101",0,0,0,0,0,0,0,0
"2017_2018","DOB1102",0,0,0,0,0,0,0,0
"2017_2018","DRY2201",0,0,0,0,0,0,0,0
"2017_2018","DRY2202",0,0,0,0,0,0,0,0
"2017_2018","DVK0111",0,69464.974,0,0,0,49177.5709999999,73173.2789999999,-23995.708
"2017_2018","DVK1101",0,0,0,0,0,0,0,0
"2017_2018","DVK1102",0,0,0,0,0,0,0,0
"2017_2018","EDG0331",0,309177.1865,0,0,0,218610.777,337056.062999999,-118445.285999999
"2017_2018","EDG1101",0,0,0,0,0,0,0,0
"2017_2018","EDG1102",0,0,0,0,0,0,0,0
"2017_2018","EDG2201",0,0,0,0,0,0,0,0
"2017_2018","EDN0331",0,142871.4475,0,0,0,361632.122,366313.57,-4681.44799999957
"2017_2018","EDN1101",0,0,0,0,0,0,0,0
"2017_2018","FHL0331",0,280416.311,0,0,0,198413.059999998,286147.541999999,-87734.4820000007
"2017_2018","FHL1101",0,0,0,0,0,0,0,0
"2017_2018","FKN0331",0,274680.7635,0,0,0,543987.841999999,554993.180999999,-11005.3390000001
"2017_2018","FKN1101",0,0,0,0,0,0,0,0
"2017_2018","FKN1102",0,0,0,0,0,0,0,0
"2017_2018","GFD0331",0,275783.5715,0,0,0,194629.870000002,292412.254000002,-97782.3840000006
"2017_2018","GFD1101",0,0,0,0,0,0,0,0
"2017_2018","GFD1102",0,0,0,0,0,0,0,0
"2017_2018","GLN0331",0,727255.776,0,0,0,510735.716000002,710751.953000003,-200016.237000001
"2017_2018","GLN0332",0,361592.844,0,0,0,279177.801,375359.406000002,-96181.6050000018
"2017_2018","GLN0332 GLN0",419731.5,0,-324113.821,119681.571,-443795.392,0,0,0
"2017_2018","GLN2201",0,0,0,0,0,0,0,0
"2017_2018","GNY1101",0,0,0,0,0,0,0,0
"2017_2018","GOR0331",0,166464.502,0,0,0,476327.853,482563.230999999,-6235.37799999966
"2017_2018","GOR1101",0,0,0,0,0,0,0,0
"2017_2018","GOR1102",0,0,0,0,0,0,0,0
"2017_2018","GYM0661",0,56824.7655,0,0,0,147604.170999999,149706.264,-2102.09300000034
"2017_2018","GYT0331",224.4275,51339.0425,-128.036,2.268,-130.304,40440.8489999999,63083.8350000001,-22642.9860000001
"2017_2018","GYT1101",0,0,0,0,0,0,0,0
"2017_2018","GYT1102",0,0,0,0,0,0,0,0
"2017_2018","HAM0111",0,114066.71,0,0,0,94257.3250000002,127120.256,-32862.9310000002
"2017_2018","HAM0331",0,626737.7455,0,0,0,495067.864,690907.261,-195839.397
"2017_2018","HAM0551",16.988,2660.3465,-15.251,1.708,-16.959,2445.98199999996,3010.53999999997,-564.558000000007
"2017_2018","HAM1101",0,0,0,0,0,0,0,0
"2017_2018","HAM2201",0,0,0,0,0,0,0,0
"2017_2018","HAY0111",0,68049.6425,0,0,0,50458.0500000001,73048.5420000001,-22590.4920000001
"2017_2018","HAY0331",0,61649.691,0,0,0,46060.135,67018.0590000003,-20957.9240000003
"2017_2018","HAY1101",0,0,0,0,0,0,0,0
"2017_2018","HAY2201",0,0,0,0,0,0,0,0
"2017_2018","HAY3502",0,0,0,0,0,0,0,0
"2017_2018","HAY3503",0,0,0,0,0,0,0,0
"2017_2018","HEN0331",0,493729.9755,0,0,0,413033.252,560741.407000001,-147708.155000001
"2017_2018","HEN1101",0,0,0,0,0,0,0,0
"2017_2018","HEN2201",0,0,0,0,0,0,0,0
"2017_2018","HEP0331",0,625237.981,0,0,0,535383.131,726876.426,-191493.295000001
"2017_2018","HEP1101",0,0,0,0,0,0,0,0
"2017_2018","HIN0331",0,211505.929,0,0,0,169736.752000002,230988.288000002,-61251.5360000006
"2017_2018","HIN1101",0,0,0,0,0,0,0,0
"2017_2018","HKK0661",1336.1845,34561.4545,-1267.889,38.7979999999999,-1306.687,104544.341,106114.186,-1569.84500000012
"2017_2018","HLY0331",0,120042.9245,0,0,0,95985.5300000005,130568.848000001,-34583.3180000001
"2017_2018","HLY2201",0,0,0,0,0,0,0,0
"2017_2018","HLY2201 HLY1",626475.877,0,-486089.819,459466.404,-945556.223,0,0,0
"2017_2018","HLY2201 HLY2",395509.568,0,-402887.255,385383.428,-788270.683,0,0,0
"2017_2018","HLY2201 HLY5",2870026.961,0,-2194882.003,801899.975000001,-2996781.978,0,0,0
"2017_2018","HLY2201 HLY6",98974.9475,0,-108818.739,54924.602,-163743.341,0,0,0
"2017_2018","HOB1101",0,219682.16,0,0,0,151268.871,234868.234,-83599.3629999994
"2017_2018","HOB2201",0,0,0,0,0,0,0,0
"2017_2018","HOR0331",0,73741.591,0,0,0,263877.408,266859.468,-2982.0600000001
"2017_2018","HOR0661",0,113558.463,0,0,0,343310.921,347478.528,-4167.60699999994
"2017_2018","HPI2201",0,0,0,0,0,0,0,0
"2017_2018","HPI2202",0,0,0,0,0,0,0,0
"2017_2018","HTI0331",0,166135.812,0,0,0,115556.771999999,179155.692,-63598.9200000012
"2017_2018","HTI1101",0,0,0,0,0,0,0,0
"2017_2018","HUI0331",0,170570.6255,0,0,0,110244.398,153169.179999999,-42924.7819999995
"2017_2018","HUI1101",0,0,0,0,0,0,0,0
"2017_2018","HWA0331",0,157678.399,0,0,0,108223.377,154229.842,-46006.4649999997
"2017_2018","HWA0332",0,61982.9415,0,0,0,42374.5209999999,59089.4320000002,-16714.9110000002
"2017_2018","HWA1101",0,10.783,0,0,0,13.572,15.5580000000001,-1.98600000000011
"2017_2018","HWA1101 PTA1",47562.1845,0,-35913.528,9856.55400000003,-45770.082,0,0,0
"2017_2018","HWA1101 PTA2",36474.6,0,-27498.008,6604.52100000003,-34102.529,0,0,0
"2017_2018","HWA1101 PTA3",29581.006,0,-21308.91,5099.22900000001,-26408.139,0,0,0
"2017_2018","HWA1102",0,209.1845,0,0,0,293.111000000005,293.91000000001,-0.799000000004672
"2017_2018","HWA1102 WAA0",74539,0,-57990.272,25414.431,-83404.703,0,0,0
"2017_2018","HWA1102 WAA1",74508.25,0,-58042.015,25412.523,-83454.538,0,0,0
"2017_2018","HWB0331",1333.712,243998.5095,-639.722,22.8230000000001,-662.545,729189.358000002,736279.224000001,-7089.86599999959
"2017_2018","HWB0331 MAH0",0,0,0,0,0,0,0,0
"2017_2018","HWB0331 WPI0",20249.671,0,-128616.163,1713.39900000001,-130329.562,0,0,0
"2017_2018","HWB0332",0,194399.9705,0,0,0,515912.361999999,522547.109999998,-6634.74799999902
"2017_2018","HWB1101",0,30428.2225,0,0,0,78370.1970000001,79378.3980000002,-1008.20100000008
"2017_2018","HWB2201",0,0,0,0,0,0,0,0
"2017_2018","IGH1101",0,0,0,0,0,0,0,0
"2017_2018","INV0331",0,430734.8145,0,0,0,1153298.748,1167769.767,-14471.0189999984
"2017_2018","INV1101",0,0,0,0,0,0,0,0
"2017_2018","INV2201",0,0,0,0,0,0,0,0
"2017_2018","INV2202",0,0,0,0,0,0,0,0
"2017_2018","ISL0331",0,388774.651,0,0,0,1050389.31100001,1063431.85300001,-13042.5419999994
"2017_2018","ISL0661",0,2007476.283,0,0,0,5383298.472,5453407.43700001,-70108.9650000059
"2017_2018","ISL2201",0,0,0,0,0,0,0,0
"2017_2018","KAI0111",0,137007.004,0,0,0,358987.33,364055.535,-5068.20499999991
"2017_2018","KAI0661",0,0,0,0,0,0,0,0
"2017_2018","KAW0111",40997.036,13.9475,-79912.35,5813.607,-85725.957,192.381999999999,193.249,-0.867000000000036
"2017_2018","KAW0111 TAM0",0.5,0,0,0,0,0,0,0
"2017_2018","KAW0112",0,34877.6685,0,0,0,166696.129,178227.215,-11531.0859999996
"2017_2018","KAW0112 DLS0",0,264319.6675,0,0,0,484897.480000002,534388.983000002,-49491.5030000001
"2017_2018","KAW0112 ONU0",391726.8975,0,-969788.865,87552.628,-1057341.493,0,0,0
"2017_2018","KAW0113",0,28499.21,0,0,0,47457.4609999997,51579.6329999997,-4122.17199999998
"2017_2018","KAW0113 DLS1",0,342542.161,0,0,0,225496.759000001,289031.026000001,-63534.2670000001
"2017_2018","KAW1101",0,328.56,0,0,0,813.691000000004,835.063999999989,-21.372999999985
"2017_2018","KAW1101 KAG0",855679.102,0,-2096105.772,56380.504,-2152486.276,0,0,0
"2017_2018","KAW2201",0,0,0,0,0,0,0,0
"2017_2018","KBT0661",0,0,0,0,0,0,0,0
"2017_2018","KBT0662",0,0,0,0,0,0,0,0
"2017_2018","KBY0661",0,32037.835,0,0,0,81472.0780000001,82548.7540000001,-1076.67600000002
"2017_2018","KBY0662",0,32901.457,0,0,0,83892.898,84996.3039999999,-1103.40599999997
"2017_2018","KIK0111",0,13219.1125,0,0,0,37902.317,38393.495,-491.178
"2017_2018","KIK1101",0,0,0,0,0,0,0,0
"2017_2018","KIK2201",0,0,0,0,0,0,0,0
"2017_2018","KIN0111",0,328585.1525,0,0,0,239097.913999999,327583.648999999,-88485.7350000004
"2017_2018","KIN0112",147059.328,8173.4665,-80248.122,41924.619,-122172.741,25768.6900000002,26273.4860000001,-504.795999999905
"2017_2018","KIN0112 KIN0",0,0,0,0,0,0,0,0
"2017_2018","KIN0113",0,130126.957,0,0,0,97782.6739999994,132121.296,-34338.6220000007
"2017_2018","KIN0331",0,86328.6335,0,0,0,71751.9549999999,95681.9440000002,-23929.9890000003
"2017_2018","KIN1101",0,0,0,0,0,0,0,0
"2017_2018","KIN1102",0,0,0,0,0,0,0,0
"2017_2018","KMO0331",0,72420.1205,0,0,0,71154.4059999997,88231.8240000001,-17077.4180000004
"2017_2018","KMO1101",0,0,0,0,0,0,0,0
"2017_2018","KMO1102",0,0,0,0,0,0,0,0
"2017_2018","KMO1103",0,0,0,0,0,0,0,0
"2017_2018","KMO2201",0,0,0,0,0,0,0,0
"2017_2018","KOE1101",73148.8335,10343.7685,-47574.143,6057.661,-53631.804,13341.9200000002,14687.3650000001,-1345.44499999985
"2017_2018","KPA1101",0,3.351,0,0,0,-3.03200000000058,0.0140000000000029,-3.04600000000058
"2017_2018","KPA1101 KPI1",127196.609,0,-78115.579,27639.886,-105755.465,0,0,0
"2017_2018","KPO1101",0,0,0,0,0,0,0,0
"2017_2018","KPO1101 KPO0",514865.938,0,-403243.808,140200.016,-543443.824,0,0,0
"2017_2018","KPU0661",0,218594.4235,0,0,0,180836.630999999,249315.776,-68479.1450000008
"2017_2018","KPU1101",0,0,0,0,0,0,0,0
"2017_2018","KPU1102",0,0,0,0,0,0,0,0
"2017_2018","KUM0661",9813.471,2194.6245,-28132.013,293.381,-28425.394,3751.97300000001,3864.77000000001,-112.797000000002
"2017_2018","KUM0661 KUM0",23064.3005,0,-80010.806,721.443000000002,-80732.249,0,0,0
"2017_2018","KWA0111",0,149559.3115,0,0,0,96229.4529999994,156412.275,-60182.8220000001
"2017_2018","KWA1101",0,0,0,0,0,0,0,0
"2017_2018","KWA1102",0,0,0,0,0,0,0,0
"2017_2018","LFD1101",0,34584.9325,0,0,0,26713.2790000003,34438.7010000002,-7725.42199999992
"2017_2018","LFD1102",0,32103.489,0,0,0,23819.376,31364.5630000001,-7545.18700000005
"2017_2018","LIV2201",0,0,0,0,0,0,0,0
"2017_2018","LTN0331",7158.3275,131129.8855,-3527.687,116.697,-3644.384,132588.334000001,167413.632000001,-34825.2980000004
"2017_2018","LTN0331 TWF0",0,0,0,0,0,0,0,0
"2017_2018","LTN2201",0,0,0,0,0,0,0,0
"2017_2018","LTN2202",0,0,0,0,0,0,0,0
"2017_2018","MAN2201",0,7931.574,0,0,0,18171.1029999999,18387.8579999999,-216.755000000026
"2017_2018","MAN2201 MAN0",4870439.455,0,-7280308.636,161406.701,-7441715.337,0,0,0
"2017_2018","MAT1101",0,34168.968,0,0,0,89172.428,97378.417,-8205.98899999998
"2017_2018","MAT1101 ANI0",169131.104,0,-438387.991,35764.776,-474152.767,0,0,0
"2017_2018","MAT1101 MAT0",379253.145,0,-2460009.478,84396.6880000001,-2544406.166,0,0,0
"2017_2018","MCH0111",0,12155.9545,0,0,0,33889.938,34328.208,-438.27
"2017_2018","MCH1101",0,0,0,0,0,0,0,0
"2017_2018","MDN1101",0,0,0,0,0,0,0,0
"2017_2018","MDN2201",0,0,0,0,0,0,0,0
"2017_2018","MGM0331",0,77226.1145,0,0,0,51676.8129999998,75558.5219999999,-23881.7090000002
"2017_2018","MGM1101",0,0,0,0,0,0,0,0
"2017_2018","MHO0331",0,181087.713,0,0,0,132510.926,191301.888,-58790.9620000002
"2017_2018","MHO0331 MHO0",140102.3095,0,-97284.901,28892.719,-126177.62,0,0,0
"2017_2018","MHO1101",0,0,0,0,0,0,0,0
"2017_2018","MHO1102",0,0,0,0,0,0,0,0
"2017_2018","MHT1102",0,0,0,0,0,0,0,0
"2017_2018","MHT1103",0,0,0,0,0,0,0,0
"2017_2018","MKE1101",0,596.757,0,0,0,273.634999999999,282.001999999999,-8.36700000000027
"2017_2018","MKE1101 MKE1",352682.8405,0,-315098.614,178197.536,-493296.15,0,0,0
"2017_2018","MKT1101",0,0,0,0,0,0,0,0
"2017_2018","MLG0111",0,114938.702,0,0,0,73832.2420000005,121888.740000001,-48056.4980000001
"2017_2018","MLG0331",0,133950.224,0,0,0,101584.521,143812.524,-42228.0030000007
"2017_2018","MLG1101",0,0,0,0,0,0,0,0
"2017_2018","MLG1102",0,0,0,0,0,0,0,0
"2017_2018","MNG0331",0,577533.6565,0,0,0,456181.128000002,643153.844,-186972.715999998
"2017_2018","MNG1101",0,52236.5335,0,0,0,35536.9729999999,50262.4659999999,-14725.493
"2017_2018","MNI0111",0,47311.9395,0,0,0,32330.2960000002,46065.4500000004,-13735.1540000002
"2017_2018","MNI1101",0,0,0,0,0,0,0,0
"2017_2018","MPE1101",0,588823.633,0,0,0,487727.730000002,667309.203000003,-179581.473000002
"2017_2018","MST0331",0,220812.107,0,0,0,157981.145000001,237720.054000001,-79738.909
"2017_2018","MST1101",0,0,0,0,0,0,0,0
"2017_2018","MTI2201",0,0,0,0,0,0,0,0
"2017_2018","MTI2201 MTI0",1161818.8805,0,-911541.542,373084.457,-1284625.999,0,0,0
"2017_2018","MTM0331",0,313417.9895,0,0,0,277347.236000001,371381.223000002,-94033.9870000008
"2017_2018","MTM1101",0,0,0,0,0,0,0,0
"2017_2018","MTN0331",0,89109.875,0,0,0,64063.6730000001,92046.5450000002,-27982.8720000002
"2017_2018","MTN1101",0,0,0,0,0,0,0,0
"2017_2018","MTN1102",0,0,0,0,0,0,0,0
"2017_2018","MTO0331",0,100811.7295,0,0,0,87057.514,117853.023,-30795.5089999999
"2017_2018","MTO1101",0,0,0,0,0,0,0,0
"2017_2018","MTO1102",0,0,0,0,0,0,0,0
"2017_2018","MTR0331",0,32611.8135,0,0,0,23924.1919999997,33390.4209999998,-9466.22900000011
"2017_2018","MTR1101",0,0,0,0,0,0,0,0
"2017_2018","MVE1101",0,0,0,0,0,0,0,0
"2017_2018","MVE1102",0,0,0,0,0,0,0,0
"2017_2018","NAP2201",0,131.15,0,0,0,104.991,108.569999999996,-3.57899999999654
"2017_2018","NAP2201 NAP0",1145052.896,0,-785639.577,291093.186,-1076732.763,0,0,0
"2017_2018","NAP2202",0,11.646,0,0,0,1.01800000000037,1.37400000000065,-0.356000000000279
"2017_2018","NAP2202 NTM0",697452.65,0,-499911.595,164928.623,-664840.218,0,0,0
"2017_2018","NGA1101",0,0,0,0,0,0,0,0
"2017_2018","NMA0331",32076.174,124066.987,-44607.461,567.391000000001,-45174.852,434904.524,439437.101,-4532.57699999992
"2017_2018","NMA0331 WHL0",0,0,0,0,0,0,0,0
"2017_2018","NMA2201",0,0,0,0,0,0,0,0
"2017_2018","NPK0331",0,18445.4315,0,0,0,15526.3700000001,20172.0140000001,-4645.64399999999
"2017_2018","NPK1101",0,0,0,0,0,0,0,0
"2017_2018","NPL0331",0,84511.087,0,0,0,63407.0159999999,86859.2950000002,-23452.2790000002
"2017_2018","NPL1101",0,0,0,0,0,0,0,0
"2017_2018","NPL2201",0,0,0,0,0,0,0,0
"2017_2018","NSY0331",0,215401.9655,0,0,0,862675.481,867742.61,-5067.12899999986
"2017_2018","NSY0331 PAE0",62818.27,0,-212381.021,1919.09,-214300.111,0,0,0
"2017_2018","NSY2201",0,0,0,0,0,0,0,0
"2017_2018","OAM0331",0,200066.5065,0,0,0,953575.224,1003941.112,-50365.888
"2017_2018","OAM1101",0,0,0,0,0,0,0,0
"2017_2018","OAM1102",0,0,0,0,0,0,0,0
"2017_2018","OHA2201",0,0,0,0,0,0,0,0
"2017_2018","OHA2201 OHA0",851868.677,0,-997852.534,90216.577,-1088069.111,0,0,0
"2017_2018","OHB2201",0,0,0,0,0,0,0,0
"2017_2018","OHB2201 OHB0",700361.345,0,-845406.066,93735.173,-939141.239,0,0,0
"2017_2018","OHC2201",0,0,0,0,0,0,0,0
"2017_2018","OHC2201 OHC0",699865.92,0,-772092.865,120374.895,-892467.76,0,0,0
"2017_2018","OHK2201",0,0,0,0,0,0,0,0
"2017_2018","OHK2201 OHK0",514253.3435,0,-425332.043,195791.815,-621123.858,0,0,0
"2017_2018","OHW2201",0,0,0,0,0,0,0,0
"2017_2018","OHW2202",0,0,0,0,0,0,0,0
"2017_2018","OKE1101",0,0,0,0,0,0,0,0
"2017_2018","OKI2201",0,0,0,0,0,0,0,0
"2017_2018","OKI2201 OKI0",279673.5,0,-199690.903,71605.384,-271296.287,0,0,0
"2017_2018","OKN0111",0,27393.3225,0,0,0,22248.4309999998,29559.7169999999,-7311.28600000017
"2017_2018","OKN1101",0,0,0,0,0,0,0,0
"2017_2018","ONG0331",4163.748,11035.293,-1936.981,1374.273,-3311.254,9331.04199999999,12308.029,-2976.98700000003
"2017_2018","ONG1101",0,0,0,0,0,0,0,0
"2017_2018","OPI2201",0,0,0,0,0,0,0,0
"2017_2018","OPI2202",0,0,0,0,0,0,0,0
"2017_2018","OPK0331",0,46117.2795,0,0,0,31935.6520000001,44782.0090000003,-12846.3570000002
"2017_2018","OPK1101",0,0,0,0,0,0,0,0
"2017_2018","OPK1102",0,0,0,0,0,0,0,0
"2017_2018","ORO1101",3.69,19891.139,-1.84,0.0069999999999999,-1.847,53978.6340000002,54751.1600000002,-772.525999999962
"2017_2018","ORO1102",5.512,20356.991,-2.398,0.0110000000000003,-2.409,53223.5999999999,53973.8799999999,-750.279999999952
"2017_2018","OTA0221",0,305883.2835,0,0,0,239844.851000002,341272.692000002,-101427.841
"2017_2018","OTA1103",0,0,0,0,0,0,0,0
"2017_2018","OTA1104",0,0,0,0,0,0,0,0
"2017_2018","OTA1105",0,0,0,0,0,0,0,0
"2017_2018","OTA1106",0,0,0,0,0,0,0,0
"2017_2018","OTA1107",0,0,0,0,0,0,0,0
"2017_2018","OTA1108",0,0,0,0,0,0,0,0
"2017_2018","OTA1109",0,0,0,0,0,0,0,0
"2017_2018","OTA110A",0,0,0,0,0,0,0,0
"2017_2018","OTA2201",0,0,0,0,0,0,0,0
"2017_2018","OTA2202",0,0,0,0,0,0,0,0
"2017_2018","OTA2203",0,0,0,0,0,0,0,0
"2017_2018","OTI0111",0,1575.477,0,0,0,3606.37500000002,3662.20000000002,-55.8250000000016
"2017_2018","OTI0661",0,0,0,0,0,0,0,0
"2017_2018","OWH0111",0,55113.459,0,0,0,67339.0209999996,81656.0939999999,-14317.0730000003
"2017_2018","OWH1101",0,0,0,0,0,0,0,0
"2017_2018","PAK0331",0,623090.911,0,0,0,513531.072999999,709628.081,-196097.008000001
"2017_2018","PAK2201",0,0,0,0,0,0,0,0
"2017_2018","PAO1101",0,192036.119,0,0,0,144110.379,199325.665,-55215.286
"2017_2018","PEN0221",0,244690.3235,0,0,0,192248.240000002,280342.056000001,-88093.8159999992
"2017_2018","PEN0222",0,0,0,0,0,0,0,0
"2017_2018","PEN0251",0.0155,16932.767,-0.003,0,-0.003,10896.0020000001,18582.157,-7686.1549999999
"2017_2018","PEN0331",0,1272555.975,0,0,0,1009281.04,1418710.742,-409429.702000003
"2017_2018","PEN1101",0,786124.3195,0,0,0,574672.396,853460.812000001,-278788.416000001
"2017_2018","PEN2201",0,0,0,0,0,0,0,0
"2017_2018","PIE1101",0,0,0,0,0,0,0,0
"2017_2018","PNI0331",0,66986.712,0,0,0,55265.3770000005,72387.9990000005,-17122.622
"2017_2018","PNI1101",0,0,0,0,0,0,0,0
"2017_2018","PNI1102",0,0,0,0,0,0,0,0
"2017_2018","PPI2201",0,43.256,0,0,0,32.4149999999988,32.9549999999996,-0.540000000000759
"2017_2018","PPI2201 PPI0",409794.5,0,-280165.05,102473.647,-382638.697,0,0,0
"2017_2018","PRM0331",0,262591.011,0,0,0,195984.085000001,279677.241000001,-83693.1560000003
"2017_2018","PRM2201",0,0,0,0,0,0,0,0
"2017_2018","PRM2202",0,0,0,0,0,0,0,0
"2017_2018","PRT2201",0,0,0,0,0,0,0,0
"2017_2018","PRT2202",0,0,0,0,0,0,0,0
"2017_2018","RDF0331",0,285774.0485,0,0,0,211842.611000002,295636.587000001,-83793.9759999993
"2017_2018","RDF1101",0,0,0,0,0,0,0,0
"2017_2018","RDF1102",0,0,0,0,0,0,0,0
"2017_2018","RDF2201",0,0,0,0,0,0,0,0
"2017_2018","RFC1101",0,0,0,0,0,0,0,0
"2017_2018","RFN1101",0,10628.4755,0,0,0,44758.6870000001,45109.8780000001,-351.190999999988
"2017_2018","RFN1102",0,10343.8345,0,0,0,16269.8730000001,16628.8520000001,-358.978999999985
"2017_2018","ROS0221",0,447127.898,0,0,0,396388.721,523426.764000001,-127038.043000001
"2017_2018","ROS1101",0,247276.2785,0,0,0,210607.539,286197.512,-75589.9729999994
"2017_2018","ROT0111",0,109554.478,0,0,0,106777.243,133595.384,-26818.1410000002
"2017_2018","ROT0331",0,242754.3235,0,0,0,209451.244,288947.949,-79496.7050000003
"2017_2018","ROT1101",0,0.3915,0,0,0,0.306999999999995,0.306999999999995,0
"2017_2018","ROT1101 WHE0",163751.8805,0,-144758.298,44621.56,-189379.858,0,0,0
"2017_2018","ROT1102",0,0,0,0,0,0,0,0
"2017_2018","ROX1101",0,0,0,0,0,0,0,0
"2017_2018","ROX1101 ROX0",414569.6245,0,-831629.991,16275.753,-847905.744,0,0,0
"2017_2018","ROX2201",0,0,0,0,0,0,0,0
"2017_2018","ROX2201 ROX0",1136644.759,0,-2040958.889,41614.0689999999,-2082572.958,0,0,0
"2017_2018","RPO2201",0,0,0,0,0,0,0,0
"2017_2018","RPO2201 RPO0",654899.2215,0,-485752.622,146151.648,-631904.27,0,0,0
"2017_2018","RTO1101",0,0,0,0,0,0,0,0
"2017_2018","RTR1101",0,0,0,0,0,0,0,0
"2017_2018","SBK0331",0,124535.547,0,0,0,340051.262000002,344629.435000001,-4578.17299999961
"2017_2018","SBK0661",0,111420.836,0,0,0,399458.509000001,404044.336000001,-4585.82699999952
"2017_2018","SDN0331",0,309223.3235,0,0,0,792797.433999999,802911.858,-10114.4240000001
"2017_2018","SDN2201",0,0,0,0,0,0,0,0
"2017_2018","SFD0331",0,126045.503,0,0,0,86887.8029999997,123058.618,-36170.8150000001
"2017_2018","SFD1101",0,0,0,0,0,0,0,0
"2017_2018","SFD2201",0,2571.366,0,0,0,1006.58100000003,1042.51900000002,-35.9379999999948
"2017_2018","SFD2201 SFD21",253083.028,0,-242341.382,203232.154,-445573.536,0,0,0
"2017_2018","SFD2201 SFD22",258302.479,0,-244010.266,125017.529,-369027.795,0,0,0
"2017_2018","SFD2201 SPL0",1058324.394,0,-734615.243,727879.515,-1462494.758,0,0,0
"2017_2018","STK0331",0,636578.839,0,0,0,1680349.783,1702891.018,-22541.2349999986
"2017_2018","STK0661",0,135567.675,0,0,0,350323.150999999,355221.396,-4898.24500000058
"2017_2018","STK0661 COB0",184640.8155,0,-526198.223,7259.65800000002,-533457.881,0,0,0
"2017_2018","STK1101",0,0,0,0,0,0,0,0
"2017_2018","STK2201",0,0,0,0,0,0,0,0
"2017_2018","STU0111",0,61125.2255,0,0,0,219579.205999999,233008.378999999,-13429.173
"2017_2018","STU1101",0,0,0,0,0,0,0,0
"2017_2018","SVL0331",0,342808.812,0,0,0,293455.676999999,392607.598,-99151.9210000006
"2017_2018","SVL2201",0,0,0,0,0,0,0,0
"2017_2018","SVL2202",0,0,0,0,0,0,0,0
"2017_2018","SWN0251",0,17614.563,0,0,0,14295.9499999999,21527.171,-7231.22100000005
"2017_2018","SWN2201",0,622.44,0,0,0,477.041999999999,673.054999999999,-196.013
"2017_2018","TAK0331",0,489626.644,0,0,0,414724.323000001,558567.337000001,-143843.014
"2017_2018","TAK2201",0,0,0,0,0,0,0,0
"2017_2018","TAK2202",0,0,0,0,0,0,0,0
"2017_2018","TGA0111",0,135478.178,0,0,0,119198.968000001,160987.401000001,-41788.4330000001
"2017_2018","TGA0331",0,403033.1145,0,0,0,359472.284000001,475003.771000001,-115531.487
"2017_2018","TGA0331 KMI0",193899.25,0,-153061.652,71699.727,-224761.379,0,0,0
"2017_2018","TGA1101",0,0,0,0,0,0,0,0
"2017_2018","THI2201",0,109.193,0,0,0,143.927000000004,146.439000000005,-2.51200000000131
"2017_2018","THI2201 THI1",678687.055,0,-475624.87,170964.699,-646589.569,0,0,0
"2017_2018","THI2201 THI2",689041.7505,0,-468681.193,168025.259,-636706.452,0,0,0
"2017_2018","TIM0111",0,367666.1145,0,0,0,771763.431999996,785894.846999997,-14131.4150000009
"2017_2018","TIM1101",0,0,0,0,0,0,0,0
"2017_2018","TIM2201",0,0,0,0,0,0,0,0
"2017_2018","TIM2202",0,0,0,0,0,0,0,0
"2017_2018","TKA0111",0,0,0,0,0,0,0,0
"2017_2018","TKA0111 TKA1",129105.96,0,-226946.121,4518.36,-231464.481,0,0,0
"2017_2018","TKA0331",0,20506.1205,0,0,0,33443.8420000001,34150.8170000001,-706.974999999998
"2017_2018","TKA1101",0,0,0,0,0,0,0,0
"2017_2018","TKB2201",0,0,0,0,0,0,0,0
"2017_2018","TKB2201 TKB1",775729.93,0,-887148.688,65621.585,-952770.273,0,0,0
"2017_2018","TKH0111",0,5794.266,0,0,0,13384.0889999999,14986.058,-1601.96900000001
"2017_2018","TKH0501",0,0,0,0,0,0,0,0
"2017_2018","TKR0331",0,399601.1165,0,0,0,287158.329000003,423478.347000001,-136320.017999998
"2017_2018","TKR1101",0,0,0,0,0,0,0,0
"2017_2018","TKU0331",133.999,36882.916,-72.321,3.08599999999993,-75.407,27828.0289999999,37983.386,-10155.3570000001
"2017_2018","TKU2201",0,0,0,0,0,0,0,0
"2017_2018","TKU2201 TKU0",892746.4045,0,-647976.301,258640.72,-906617.021,0,0,0
"2017_2018","TMH2201",0,0,0,0,0,0,0,0
"2017_2018","TMI0331",0,160126.4065,0,0,0,147579.313000001,185833.669000001,-38254.3560000001
"2017_2018","TMI1101",0,0,0,0,0,0,0,0
"2017_2018","TMK0331",0,277734.512,0,0,0,638689.517000004,648682.376000003,-9992.85899999955
"2017_2018","TMK1101",0,0,0,0,0,0,0,0
"2017_2018","TMK1102",0,0,0,0,0,0,0,0
"2017_2018","TMN0551",230.12,3405.8655,-265.845,42.209,-308.054,2860.23700000001,3699.90000000004,-839.663000000029
"2017_2018","TMN2201",0,0,0,0,0,0,0,0
"2017_2018","TMU0111",0,188357.0415,0,0,0,144222.096,203451.513000001,-59229.4170000009
"2017_2018","TMU1101",0,0,0,0,0,0,0,0
"2017_2018","TNG0111",0,240466.6805,0,0,0,177702.695999999,223627.830000001,-45925.1340000014
"2017_2018","TNG0551",68.3605,3437.9945,-84.057,16.114,-100.171,2607.58599999999,3383.14499999998,-775.558999999999
"2017_2018","TNG2201",0,0,0,0,0,0,0,0
"2017_2018","TRK0111",0,35400.603,0,0,0,33009.0310000003,42093.8200000001,-9084.78899999989
"2017_2018","TRK1101",0,0,0,0,0,0,0,0
"2017_2018","TRK1102",0,0,0,0,0,0,0,0
"2017_2018","TRK2201",0,0,0,0,0,0,0,0
"2017_2018","TUI1101",0,290898.295,0,0,0,195582.090999998,287249.495999999,-91667.4050000012
"2017_2018","TUI1101 KTW0",124480.4515,0,-104831.758,34173.1500000001,-139004.908,0,0,0
"2017_2018","TUI1101 PRI0",181789.979,0,-146993.625,47343.0720000001,-194336.697,0,0,0
"2017_2018","TUI1101 TUI0",248389.886,0,-201540.02,64527.6860000001,-266067.706,0,0,0
"2017_2018","TWC2201",412113.557,319.797,-159627.915,118141.857,-277769.772,396.053000000011,409.044000000008,-12.9909999999977
"2017_2018","TWC2201 NZW0",0,0,0,0,0,0,0,0
"2017_2018","TWC2201 TWF0",0,0,0,0,0,0,0,0
"2017_2018","TWH0331",5995.9925,329435.123,-3039.743,110.844,-3150.587,248723.278999998,385018.899999999,-136295.621
"2017_2018","TWH0331 TRC1",302596.105,0,-233496.511,93048.595,-326545.106,0,0,0
"2017_2018","TWH0331 TUK0",0,0,0,0,0,0,0,0
"2017_2018","TWH2201",0,0,0,0,0,0,0,0
"2017_2018","TWI2201",0,4994913.063,0,0,0,12672737.088,12814635.969,-141898.881000002
"2017_2018","TWT2201",0,0,0,0,0,0,0,0
"2017_2018","TWZ0331",0,28641.1665,0,0,0,30755.2139999999,33665.1109999999,-2909.89699999999
"2017_2018","TWZ2201",0,0,0,0,0,0,0,0
"2017_2018","TWZ2202",0,0,0,0,0,0,0,0
"2017_2018","UHT0331",0,126297.454,0,0,0,92691.2679999998,134256.874,-41565.6060000001
"2017_2018","UHT1101",0,0,0,0,0,0,0,0
"2017_2018","WAI0111",0,50832.29,0,0,0,118804.377,131036.644,-12232.267
"2017_2018","WAI0501",0,0,0,0,0,0,0,0
"2017_2018","WAI1101",0,0,0,0,0,0,0,0
"2017_2018","WDV0111",0,12929.4995,0,0,0,9468.39899999995,13380.309,-3911.91000000006
"2017_2018","WDV1101",171971.549,559.0335,-105676.317,25656.73,-131333.047,399.231000000004,700.459000000003,-301.228
"2017_2018","WDV1101 TAP0",0,0,0,0,0,0,0,0
"2017_2018","WDV1102",0,0,0,0,0,0,0,0
"2017_2018","WEL0331",0,162863.169,0,0,0,142399.320999999,192429.939,-50030.6180000007
"2017_2018","WEL1101",0,0,0,0,0,0,0,0
"2017_2018","WEL1102",0,0,0,0,0,0,0,0
"2017_2018","WGN0331",0,144930.623,0,0,0,101793.406,149282.336,-47488.9299999998
"2017_2018","WGN1101",0,0,0,0,0,0,0,0
"2017_2018","WHI0111",0.0645,504735.5895,-0.443999999999999,0,-0.443999999999999,324304.430000002,435130.901000001,-110826.470999999
"2017_2018","WHI2201",0,1490.366,0,0,0,1020.714,1404.78700000001,-384.07300000001
"2017_2018","WHI2201 WHI0",2458.6465,0,-19555.149,652.39600000002,-20207.545,0,0,0
"2017_2018","WHU0331",0,164224.7285,0,0,0,124521.178,171067.91,-46546.7320000001
"2017_2018","WHU1101",0,0,0,0,0,0,0,0
"2017_2018","WIL0331",96848.0135,72190.1075,-43464.575,21528.071,-64992.646,92990.6780000003,103549.91,-10559.2319999997
"2017_2018","WIL0331 MCK0",0,0,0,0,0,0,0,0
"2017_2018","WIL1101",0,0,0,0,0,0,0,0
"2017_2018","WIL2201",0,0,0,0,0,0,0,0
"2017_2018","WIR0331",0,486266.6985,0,0,0,378717.942000004,546971.895000003,-168253.952999999
"2017_2018","WIR1101",0,0,0,0,0,0,0,0
"2017_2018","WIR1102",0,0,0,0,0,0,0,0
"2017_2018","WKM2201",0,46562.8675,0,0,0,34134.7029999996,47365.2899999998,-13230.5870000002
"2017_2018","WKM2201 MOK0",739641.865,0,-540133.987,192834.26,-732968.247,0,0,0
"2017_2018","WKM2201 WKM0",569323.1035,0,-454862.849,140917.407,-595780.256,0,0,0
"2017_2018","WKM2202",0,0,0,0,0,0,0,0
"2017_2018","WKO0331",0,177917.6495,0,0,0,144239.316999999,195608.283999999,-51368.967
"2017_2018","WKO1101",0,0,0,0,0,0,0,0
"2017_2018","WPA2201",0,0,0,0,0,0,0,0
"2017_2018","WPA2201 WPA0",281856.3945,0,-229278.867,84588.4740000001,-313867.341,0,0,0
"2017_2018","WPR0331",0,40995.28,0,0,0,115787.9,117288.649,-1500.749
"2017_2018","WPR0661",127.6355,18287.0895,-272.148,4.662,-276.81,65306.6119999999,66032.2489999999,-725.636999999974
"2017_2018","WPR2202",0,0,0,0,0,0,0,0
"2017_2018","WPR2203",0,0,0,0,0,0,0,0
"2017_2018","WPT1101",0,0,0,0,0,0,0,0
"2017_2018","WPT1102",0,0,0,0,0,0,0,0
"2017_2018","WPW0331",0,116427.6855,0,0,0,84354.8320000004,126825.289,-42470.4570000001
"2017_2018","WPW1101",0,0,0,0,0,0,0,0
"2017_2018","WPW1102",0,0,0,0,0,0,0,0
"2017_2018","WRD0331",0,292801.3475,0,0,0,240552.108,328491.773,-87939.6649999998
"2017_2018","WRD2201",0,0,0,0,0,0,0,0
"2017_2018","WRK0331",0,211468.824,0,0,0,160576.372,221349.779000001,-60773.4070000002
"2017_2018","WRK0331 RKA0",256728.6,0,-182980.973,56740.869,-239721.842,0,0,0
"2017_2018","WRK0331 TAA0",194741.5,0,-142174.646,45564.983,-187739.629,0,0,0
"2017_2018","WRK2201",0,0,0,0,0,0,0,0
"2017_2018","WRK2201 WRK0",1059535,0,-657664.608,248282.727,-905947.335,0,0,0
"2017_2018","WTK0111",0,36682.1075,0,0,0,281840.118,286346.948,-4506.83000000014
"2017_2018","WTK0111 WTK0",481348,0,-1964703.828,94462.263,-2059166.091,0,0,0
"2017_2018","WTK0331",0,173.518,0,0,0,25.1210000000076,27.1920000000011,-2.07099999999355
"2017_2018","WTK1101",0,0,0,0,0,0,0,0
"2017_2018","WTK1102",0,0,0,0,0,0,0,0
"2017_2018","WTK2201",0,0,0,0,0,0,0,0
"2017_2018","WTU0331",0,421849.898,0,0,0,310380.813000001,444818.396000001,-134437.583000001
"2017_2018","WTU2201",0,0,0,0,0,0,0,0
"2017_2018","WTU2202",0,0,0,0,0,0,0,0
"2017_2018","WVY0111",0,24806.462,0,0,0,16974.3779999999,24826.951,-7852.57300000011
"2017_2018","WVY1101",0,0,0,0,0,0,0,0
"2017_2018","WWD1102",252093.036,399.851,-98408.522,91256.592,-189665.114,664.895000000001,683.066,-18.1709999999998
"2017_2018","WWD1102 WWD0",0,0,0,0,0,0,0,0
"2017_2018","WWD1103",258289.458,320.958,-113339.598,98717.362,-212056.96,547.613,563.685999999999,-16.0729999999992
"2017_2018","WWD1103 WWD0",0,0,0,0,0,0,0,0
"2014_2015","ADD0111",0,178115.13,0,0,0,342.251000000033,14634.7489999999,-14292.4979999999
"2014_2015","ADD0661",0,306347.8375,0,0,0,2855.26900000057,24343.5290000006,-21488.2600000001
"2014_2015","COB0661",0,0,0,0,0,0,0,0
"2014_2015","COB0661 COB0",130505.824,0,-3799.3569999999,2518.2720000001,-6317.62900000001,0,0,0
"2014_2015","GIS0501",0,176633.896,0,0,0,2619.06300000109,10491.5100000008,-7872.44699999967
"2014_2015","GIS1101",0,0,0,0,0,0,0,0
"2014_2015","KEN0331",0,224524.7795,0,0,0,4214.25500000107,13266.7770000009,-9052.52199999981
"2014_2015","KEN1101",0,0,0,0,0,0,0,0
"2014_2015","KEN1102",0,0,0,0,0,0,0,0
"2014_2015","MLN0661",0,43808.418,0,0,0,247.115999999625,3727.84099999991,-3480.72500000029
"2014_2015","MLN0664",0,43972.5045,0,0,0,198.554000000058,3510.5010000003,-3311.94700000024
"2014_2015","MLT0661",0,0,0,0,0,0,0,0
"2014_2015","MLT0664",0,0,0,0,0,0,0,0
"2014_2015","MOT0111",0,53453.3935,0,0,0,1724.36899999977,3063.56999999974,-1339.20099999998
"2014_2015","MOT0661",0,0,0,0,0,0,0,0
"2014_2015","MOT0662",0,0,0,0,0,0,0,0
"2014_2015","MPI0661",0,21025.0685,0,0,0,604.071999999837,1177.19799999991,-573.126000000074
"2014_2015","NGA0331",0,0,0,0,0,0,0,0
"2014_2015","PRM1101",0,0,0,0,0,0,0,0
"2014_2015","PRM1102",0,0,0,0,0,0,0,0
"2014_2015","TUI0111",0,1844.027,0,0,0,27.0470000000047,102.840000000003,-75.7929999999982
"2014_2015","UTK0661",0,0,0,0,0,0,0,0
"2014_2015","WRA0111",84.0475,31181.147,-2.52099999999999,0.399000000000007,-2.92,303.640999999895,1710.89100000006,-1407.25000000016
"2014_2015","WRA1101",0,0,0,0,0,0,0,0
"2014_2015","WRA1102",0,0,0,0,0,0,0,0
"2015_2016","HLY2201 HLY4",0,0,0,0,0,0,0,0
"2015_2016","OTA2202 OTC0",536976.0265,0,-110243.58,7671.91700000021,-117915.497,0,0,0
"2015_2016","SWN2201 SWN0",113242.708,0,-19611.86,1259.148,-20871.008,0,0,0
"2015_2016","SWN2201 SWN5",33313.4045,0,-6496.102,369.252000000001,-6865.354,0,0,0
"2016_2017","HWA1001",0,0,0,0,0,0,0,0
"2017_2018","MER0331",0,30.303,0,0,0,3.99999999999917,4.0309999999978,-0.030999999998631
"2016_2017","WPT0111",0,0,0,0,0,0,0,0
"2017_2018","HLY2201 HLY4",0,0,0,0,0,0,0,0
"2017_2018","GOR2201",0,0,0,0,0,0,0,0
"2017_2018","GOR2202",0,0,0,0,0,0,0,0
"2017_2018","GOT2201",0,0,0,0,0,0,0,0
"2017_2018","GOT2202",0,0,0,0,0,0,0,0
